0 0.0007122507122507123 0.0010683760683760685 0.050213675213675216 0.04300213675213675
0 0.0007122507122507123 0.04433760683760684 0.049679487179487176 0.0531517094017094
0 0.0007122507122507123 0.10016025641025642 0.05324074074074074 0.055822649572649576
0 0.04309116809116809 0.0 0.07727920227920228 0.046474358974358976
0 0.03685897435897436 0.04326923076923077 0.08386752136752136 0.05608974358974359
0 0.03828347578347578 0.09508547008547008 0.08742877492877493 0.0625
0 0.11663105413105414 0.0 0.07425213675213675 0.05635683760683761
0 0.10950854700854701 0.04326923076923077 0.07995014245014245 0.05795940170940171
0 0.11182336182336182 0.10202991452991453 0.07888176638176639 0.05608974358974359
0 0.1785968660968661 0.0 0.08012820512820513 0.05128205128205128
0 0.17841880341880342 0.05128205128205128 0.07852564102564102 0.052884615384615384
0 0.17984330484330485 0.10202991452991453 0.07692307692307693 0.05608974358974359
0 0.24697293447293447 0.0 0.07977207977207977 0.051549145299145296
0 0.24626068376068377 0.04754273504273504 0.08084045584045584 0.056623931623931624
0 0.24643874643874644 0.09748931623931624 0.07959401709401709 0.06063034188034188
0 0.3271011396011396 0.0 0.07104700854700854 0.04513888888888889
0 0.31712962962962965 0.04513888888888889 0.07745726495726496 0.052884615384615384
0 0.3158831908831909 0.09802350427350427 0.0787037037037037 0.05956196581196581
0 0.38782051282051283 0.0002670940170940171 0.07425213675213675 0.04513888888888889
0 0.38799857549857547 0.046474358974358976 0.07407407407407407 0.052083333333333336
0 0.3872863247863248 0.09882478632478632 0.07478632478632478 0.05929487179487179
0 0.4633190883190883 0.0 0.06552706552706553 0.03952991452991453
0 0.4594017094017094 0.039797008547008544 0.06997863247863248 0.053952991452991456
0 0.45726495726495725 0.09401709401709402 0.07229344729344729 0.062232905982905984
0 0.5295584045584045 0.0010683760683760685 0.07104700854700854 0.042200854700854704
0 0.5288461538461539 0.04487179487179487 0.07229344729344729 0.050213675213675216
0 0.5297364672364673 0.0953525641025641 0.06962250712250712 0.0625
0 0.6009615384615384 0.0013354700854700855 0.07247150997150997 0.03926282051282051
0 0.6000712250712251 0.041666666666666664 0.07229344729344729 0.05181623931623932
0 0.6000712250712251 0.09348290598290598 0.07175925925925926 0.06356837606837606
0 0.66755698005698 0.0010683760683760685 0.07888176638176639 0.041666666666666664
0 0.6650641025641025 0.043536324786324784 0.07923789173789174 0.051549145299145296
0 0.6634615384615384 0.09508547008547008 0.07959401709401709 0.0625
0 0.7359330484330484 0.0 0.08262108262108261 0.04807692307692308
0 0.7339743589743589 0.04246794871794872 0.08564814814814815 0.05689102564102564
0 0.7341524216524217 0.09882478632478632 0.08457977207977208 0.06063034188034188
0 0.8071581196581197 0.0 0.08084045584045584 0.04674145299145299
0 0.8080484330484331 0.045940170940170943 0.08618233618233619 0.05422008547008547
0 0.8082264957264957 0.09668803418803419 0.08440170940170941 0.062232905982905984
0 0.8817663817663818 0.0 0.0763888888888889 0.049145299145299144
0 0.8821225071225072 0.04326923076923077 0.08422364672364673 0.06383547008547008
0 0.8810541310541311 0.0953525641025641 0.08493589743589744 0.062232905982905984
0 0.9554843304843305 0.0013354700854700855 0.0438034188034188 0.043536324786324784
0 0.9544159544159544 0.0405982905982906 0.04487179487179487 0.0641025641025641
0 0.9540598290598291 0.09642094017094018 0.04576210826210826 0.06063034188034188
0 0.0 0.18215811965811965 0.05413105413105413 0.053952991452991456
0 0.0 0.23664529914529914 0.05733618233618234 0.05074786324786325
0 0.00035612535612535614 0.28899572649572647 0.056623931623931624 0.049679487179487176
0 0.0 0.3392094017094017 0.05787037037037037 0.05635683760683761
0 0.03917378917378917 0.1829594017094017 0.08725071225071225 0.05422008547008547
0 0.04433760683760684 0.234508547008547 0.0803062678062678 0.05448717948717949
0 0.04415954415954416 0.28846153846153844 0.08101851851851852 0.05261752136752137
0 0.04487179487179487 0.3408119658119658 0.08155270655270655 0.056623931623931624
0 0.11324786324786325 0.23717948717948717 0.08048433048433049 0.05261752136752137
0 0.11324786324786325 0.2900641025641026 0.07674501424501425 0.05074786324786325
0 0.11378205128205128 0.34161324786324787 0.07621082621082621 0.055822649572649576
0 0.17913105413105412 0.18509615384615385 0.0763888888888889 0.055288461538461536
0 0.18055555555555555 0.2377136752136752 0.07692307692307693 0.054754273504273504
0 0.18091168091168092 0.28952991452991456 0.08457977207977208 0.05368589743589743
0 0.18144586894586895 0.3421474358974359 0.08262108262108261 0.057158119658119656
0 0.24626068376068377 0.18189102564102563 0.07425213675213675 0.055288461538461536
0 0.24946581196581197 0.23798076923076922 0.07567663817663818 0.052083333333333336
0 0.2501780626780627 0.28979700854700857 0.07425213675213675 0.051549145299145296
0 0.25 0.3421474358974359 0.07478632478632478 0.057158119658119656
0 0.3176638176638177 0.18509615384615385 0.07104700854700854 0.05235042735042735
0 0.3190883190883191 0.23851495726495728 0.07211538461538461 0.051014957264957264
0 0.3190883190883191 0.29113247863247865 0.07496438746438747 0.0499465811965812
0 0.3196225071225071 0.34268162393162394 0.07567663817663818 0.055822649572649576
0 0.38924501424501423 0.1842948717948718 0.07282763532763532 0.05128205128205128
0 0.38977920227920226 0.23664529914529914 0.07247150997150997 0.05181623931623932
0 0.3903133903133903 0.28979700854700857 0.07175925925925926 0.05074786324786325
0 0.39013532763532766 0.34134615384615385 0.07407407407407407 0.05742521367521367
0 0.45904558404558404 0.18536324786324787 0.07211538461538461 0.05235042735042735
0 0.45904558404558404 0.23824786324786323 0.07229344729344729 0.052083333333333336
0 0.4595797720797721 0.2905982905982906 0.07193732193732194 0.05048076923076923
0 0.4601139601139601 0.3424145299145299 0.07158119658119658 0.05689102564102564
0 0.5324074074074074 0.18456196581196582 0.06855413105413105 0.051014957264957264
0 0.5297364672364673 0.23744658119658119 0.07122507122507123 0.05074786324786325
0 0.5299145299145299 0.28846153846153844 0.07086894586894586 0.051549145299145296
0 0.5313390313390314 0.3408119658119658 0.06908831908831908 0.05822649572649573
0 0.6014957264957265 0.18723290598290598 0.06801994301994302 0.04700854700854701
0 0.6004273504273504 0.23504273504273504 0.0698005698005698 0.06009615384615385
0 0.6000712250712251 0.2954059829059829 0.06926638176638177 0.049679487179487176
0 0.5998931623931624 0.34481837606837606 0.06855413105413105 0.05502136752136752
0 0.6700498575498576 0.1842948717948718 0.07621082621082621 0.05235042735042735
0 0.6704059829059829 0.23717948717948717 0.0738960113960114 0.053418803418803416
0 0.6679131054131054 0.29113247863247865 0.07621082621082621 0.05261752136752137
0 0.6677350427350427 0.34428418803418803 0.0754985754985755 0.057692307692307696
0 0.7471509971509972 0.1840277777777778 0.07496438746438747 0.05822649572649573
0 0.7348646723646723 0.2403846153846154 0.08208689458689458 0.0531517094017094
0 0.7339743589743589 0.2938034188034188 0.08155270655270655 0.051014957264957264
0 0.7327279202279202 0.3450854700854701 0.08190883190883191 0.05876068376068376
0 0.8142806267806267 0.18856837606837606 0.07443019943019943 0.05368589743589743
0 0.8094729344729344 0.24332264957264957 0.07727920227920228 0.05074786324786325
0 0.8076923076923077 0.29433760683760685 0.07763532763532764 0.051549145299145296
0 0.8051994301994302 0.34642094017094016 0.07923789173789174 0.05689102564102564
0 0.8769586894586895 0.23557692307692307 0.08582621082621082 0.05689102564102564
0 0.8773148148148148 0.29407051282051283 0.08386752136752136 0.05074786324786325
0 0.8760683760683761 0.3469551282051282 0.08440170940170941 0.057158119658119656
0 0.9383903133903134 0.18776709401709402 0.06143162393162393 0.052884615384615384
0 0.9467592592592593 0.23931623931623933 0.053062678062678066 0.052884615384615384
0 0.9446225071225072 0.2922008547008547 0.0551994301994302 0.05608974358974359
0 0.9428418803418803 0.3474893162393162 0.0568019943019943 0.05742521367521367
0 0.0 0.4281517094017094 0.06000712250712251 0.051549145299145296
0 0.00017806267806267807 0.4807692307692308 0.05466524216524216 0.04700854700854701
0 0.00017806267806267807 0.5296474358974359 0.05270655270655271 0.04754273504273504
0 0.00035612535612535614 0.5793269230769231 0.05626780626780627 0.049679487179487176
0 0.09490740740740741 0.42975427350427353 0.049679487179487176 0.04754273504273504
0 0.046296296296296294 0.47489316239316237 0.08244301994301995 0.05422008547008547
0 0.12945156695156695 0.4797008547008547 0.026887464387464387 0.04513888888888889
0 0.0438034188034188 0.5269764957264957 0.08066239316239317 0.05235042735042735
0 0.04433760683760684 0.5801282051282052 0.07816951566951567 0.05181623931623932
0 0.1176994301994302 0.5285790598290598 0.07371794871794872 0.0499465811965812
0 0.11698717948717949 0.5779914529914529 0.07371794871794872 0.05261752136752137
0 0.18215811965811965 0.42761752136752135 0.06837606837606838 0.051014957264957264
0 0.18269230769230768 0.48050213675213677 0.06908831908831908 0.04861111111111111
0 0.18304843304843305 0.530448717948718 0.06926638176638177 0.04887820512820513
0 0.18322649572649571 0.5801282051282052 0.06926638176638177 0.05261752136752137
0 0.2514245014245014 0.4284188034188034 0.06801994301994302 0.051549145299145296
0 0.2523148148148148 0.4794337606837607 0.06997863247863248 0.050213675213675216
0 0.2514245014245014 0.5301816239316239 0.0681980056980057 0.049679487179487176
0 0.2516025641025641 0.5803952991452992 0.06997863247863248 0.0531517094017094
0 0.31837606837606836 0.4268162393162393 0.07496438746438747 0.0531517094017094
0 0.3181980056980057 0.4794337606837607 0.07015669515669516 0.051549145299145296
0 0.3189102564102564 0.530448717948718 0.06908831908831908 0.051549145299145296
0 0.3178418803418803 0.5811965811965812 0.0698005698005698 0.05502136752136752
0 0.38853276353276356 0.4284188034188034 0.07086894586894586 0.0531517094017094
0 0.38799857549857547 0.4810363247863248 0.07033475783475783 0.051549145299145296
0 0.38764245014245013 0.531784188034188 0.0706908831908832 0.05128205128205128
0 0.38817663817663817 0.5822649572649573 0.06855413105413105 0.053418803418803416
0 0.4586894586894587 0.4281517094017094 0.07104700854700854 0.053418803418803416
0 0.4583333333333333 0.47996794871794873 0.07104700854700854 0.0531517094017094
0 0.45762108262108264 0.531517094017094 0.07033475783475783 0.05235042735042735
0 0.4577991452991453 0.5817307692307693 0.06997863247863248 0.05608974358974359
0 0.5366809116809117 0.43536324786324787 0.049145299145299144 0.044070512820512824
0 0.5286680911680912 0.47836538461538464 0.07051282051282051 0.053418803418803416
0 0.5284900284900285 0.530715811965812 0.07086894586894586 0.052884615384615384
0 0.5284900284900285 0.5825320512820513 0.07033475783475783 0.054754273504273504
0 0.5968660968660968 0.4326923076923077 0.07193732193732194 0.030181623931623932
0 0.5965099715099715 0.4634081196581197 0.07282763532763532 0.029113247863247864
0 0.5970441595441596 0.49385683760683763 0.07264957264957266 0.028579059829059828
0 0.5975783475783476 0.5229700854700855 0.07140313390313391 0.028579059829059828
0 0.5982905982905983 0.5523504273504274 0.07175925925925926 0.028044871794871796
0 0.5984686609686609 0.5809294871794872 0.07015669515669516 0.028311965811965812
0 0.5988247863247863 0.6103098290598291 0.07086894586894586 0.030715811965811964
0 0.6698717948717948 0.43028846153846156 0.07015669515669516 0.055822649572649576
0 0.6677350427350427 0.484775641025641 0.07229344729344729 0.05368589743589743
0 0.667022792022792 0.5371260683760684 0.07229344729344729 0.052083333333333336
0 0.6682692307692307 0.5876068376068376 0.0698005698005698 0.055822649572649576
0 0.7405626780626781 0.4340277777777778 0.06908831908831908 0.05261752136752137
0 0.7403846153846154 0.4861111111111111 0.0681980056980057 0.051549145299145296
0 0.738960113960114 0.5363247863247863 0.06944444444444445 0.052083333333333336
0 0.7380698005698005 0.5884081196581197 0.07015669515669516 0.05422008547008547
0 0.8108974358974359 0.43322649572649574 0.06997863247863248 0.05555555555555555
0 0.8092948717948718 0.48878205128205127 0.06801994301994302 0.050213675213675216
0 0.8091168091168092 0.5392628205128205 0.0698005698005698 0.049145299145299144
0 0.8085826210826211 0.5886752136752137 0.07015669515669516 0.05422008547008547
0 0.8774928774928775 0.4340277777777778 0.07603276353276353 0.052083333333333336
0 0.8767806267806267 0.4874465811965812 0.07816951566951567 0.050213675213675216
0 0.8769586894586895 0.5373931623931624 0.07727920227920228 0.05235042735042735
0 0.8782051282051282 0.5889423076923077 0.07621082621082621 0.05635683760683761
0 0.948005698005698 0.43509615384615385 0.05163817663817664 0.0531517094017094
0 0.9451566951566952 0.48851495726495725 0.05466524216524216 0.05235042735042735
0 0.9446225071225072 0.5392628205128205 0.0551994301994302 0.05448717948717949
0 0.9448005698005698 0.5916132478632479 0.0551994301994302 0.05795940170940171
0 0.00017806267806267807 0.7000534188034188 0.0584045584045584 0.06330128205128205
0 0.00017806267806267807 0.7641559829059829 0.0551994301994302 0.04941239316239316
0 0.0 0.8141025641025641 0.05929487179487179 0.04700854700854701
0 0.04291310541310541 0.6634615384615384 0.08297720797720798 0.05181623931623932
0 0.04504985754985755 0.7160790598290598 0.0860042735042735 0.04941239316239316
0 0.04700854700854701 0.7662927350427351 0.07656695156695156 0.05048076923076923
0 0.047364672364672365 0.8162393162393162 0.07763532763532764 0.049145299145299144
0 0.10434472934472934 0.7254273504273504 0.08012820512820513 0.03952991452991453
0 0.12731481481481483 0.6818910256410257 0.04683048433048433 0.04113247863247863
0 0.11663105413105414 0.7657585470085471 0.07264957264957266 0.05261752136752137
0 0.11556267806267806 0.8165064102564102 0.07033475783475783 0.051549145299145296
0 0.2168803418803419 0.6629273504273504 0.0405982905982906 0.018696581196581196
0 0.18518518518518517 0.6810897435897436 0.0754985754985755 0.04887820512820513
0 0.18518518518518517 0.7275641025641025 0.07532051282051282 0.030715811965811964
0 0.18376068376068377 0.7542735042735043 0.07229344729344729 0.03125
0 0.18358262108262108 0.780448717948718 0.07229344729344729 0.03258547008547009
0 0.18376068376068377 0.8092948717948718 0.06766381766381767 0.03125
0 0.18233618233618235 0.8349358974358975 0.07336182336182336 0.03365384615384615
0 0.24786324786324787 0.6653311965811965 0.07585470085470085 0.052884615384615384
0 0.24964387464387464 0.7160790598290598 0.07371794871794872 0.05181623931623932
0 0.24946581196581197 0.7649572649572649 0.07567663817663818 0.052884615384615384
0 0.2501780626780627 0.8154380341880342 0.07086894586894586 0.0531517094017094
0 0.3303062678062678 0.6850961538461539 0.06356837606837606 0.06677350427350427
0 0.3196225071225071 0.7451923076923077 0.07478632478632478 0.07077991452991453
0 0.3198005698005698 0.7908653846153846 0.07425213675213675 0.07558760683760683
0 0.385505698005698 0.7021901709401709 0.07086894586894586 0.07104700854700854
0 0.38603988603988604 0.7641559829059829 0.07051282051282051 0.05982905982905983
0 0.385505698005698 0.8151709401709402 0.0698005698005698 0.05956196581196581
0 0.4553062678062678 0.6685363247863247 0.07193732193732194 0.055822649572649576
0 0.4553062678062678 0.71875 0.07122507122507123 0.055822649572649576
0 0.4551282051282051 0.7668269230769231 0.07051282051282051 0.05742521367521367
0 0.45601851851851855 0.8215811965811965 0.06962250712250712 0.05368589743589743
0 0.5284900284900285 0.6680021367521367 0.06908831908831908 0.055822649572649576
0 0.5272435897435898 0.7224893162393162 0.06891025641025642 0.05235042735042735
0 0.5267094017094017 0.7705662393162394 0.06962250712250712 0.054754273504273504
0 0.5252849002849003 0.8202457264957265 0.07015669515669516 0.05555555555555555
0 0.5979344729344729 0.6720085470085471 0.06962250712250712 0.05502136752136752
0 0.5966880341880342 0.7227564102564102 0.07033475783475783 0.05422008547008547
0 0.5965099715099715 0.7719017094017094 0.07033475783475783 0.05635683760683761
0 0.5950854700854701 0.8218482905982906 0.07086894586894586 0.056623931623931624
0 0.6684472934472935 0.6730769230769231 0.07104700854700854 0.05555555555555555
0 0.6673789173789174 0.7238247863247863 0.0706908831908832 0.055288461538461536
0 0.6672008547008547 0.7737713675213675 0.07015669515669516 0.05635683760683761
0 0.6663105413105413 0.8250534188034188 0.07033475783475783 0.05689102564102564
0 0.7403846153846154 0.6730769230769231 0.0698005698005698 0.05555555555555555
0 0.738960113960114 0.7248931623931624 0.06962250712250712 0.054754273504273504
0 0.7375356125356125 0.7753739316239316 0.07015669515669516 0.05555555555555555
0 0.7371794871794872 0.8274572649572649 0.07033475783475783 0.05422008547008547
0 0.8066239316239316 0.686698717948718 0.07478632478632478 0.039797008547008544
0 0.8071581196581197 0.719551282051282 0.07104700854700854 0.036057692307692304
0 0.8064458689458689 0.7529380341880342 0.0746082621082621 0.052884615384615384
0 0.8078703703703703 0.7988782051282052 0.07282763532763532 0.05822649572649573
0 0.8080484330484331 0.8490918803418803 0.07282763532763532 0.03819444444444445
0 0.8821225071225072 0.6773504273504274 0.07247150997150997 0.05876068376068376
0 0.8782051282051282 0.7310363247863247 0.07514245014245015 0.05795940170940171
0 0.8778490028490028 0.7780448717948718 0.07443019943019943 0.06169871794871795
0 0.8790954415954416 0.8311965811965812 0.07336182336182336 0.06009615384615385
0 0.9396367521367521 0.7136752136752137 0.059472934472934474 0.07371794871794872
0 0.9471153846153846 0.7791132478632479 0.05252849002849003 0.05956196581196581
0 0.9476495726495726 0.8317307692307693 0.05235042735042735 0.05929487179487179
0 0.00035612535612535614 0.8936965811965812 0.053062678062678066 0.049145299145299144
0 0.0 0.9436431623931624 0.05626780626780627 0.04941239316239316
0 0.00017806267806267807 0.9922542735042735 0.050213675213675216 0.006677350427350427
0 0.04985754985754986 0.8952991452991453 0.0625 0.04807692307692308
0 0.049679487179487176 0.9444444444444444 0.07104700854700854 0.048344017094017096
0 0.05039173789173789 0.9818376068376068 0.06891025641025642 0.017628205128205128
0 0.1168091168091168 0.8974358974358975 0.0706908831908832 0.046474358974358976
0 0.11716524216524217 0.9417735042735043 0.07158119658119658 0.052083333333333336
0 0.11894586894586895 0.9815705128205128 0.06855413105413105 0.017895299145299144
0 0.1841168091168091 0.9107905982905983 0.07674501424501425 0.0798611111111111
0 0.18447293447293447 0.9797008547008547 0.07193732193732194 0.020032051282051284
0 0.2532051282051282 0.9011752136752137 0.06766381766381767 0.05261752136752137
0 0.2514245014245014 0.9484508547008547 0.06801994301994302 0.05128205128205128
0 0.3148148148148148 0.9030448717948718 0.06962250712250712 0.05074786324786325
0 0.3142806267806268 0.9484508547008547 0.07051282051282051 0.051014957264957264
0 0.3847934472934473 0.9041132478632479 0.06784188034188034 0.04807692307692308
0 0.3856837606837607 0.9463141025641025 0.06641737891737892 0.052884615384615384
0 0.4531695156695157 0.9041132478632479 0.0681980056980057 0.05048076923076923
0 0.45263532763532766 0.9452457264957265 0.06908831908831908 0.054754273504273504
0 0.5224358974358975 0.9046474358974359 0.06837606837606838 0.05128205128205128
0 0.5219017094017094 0.9468482905982906 0.06908831908831908 0.052884615384615384
0 0.5918803418803419 0.906517094017094 0.06891025641025642 0.051549145299145296
0 0.5900997150997151 0.9527243589743589 0.06908831908831908 0.04700854700854701
0 0.6618589743589743 0.9097222222222222 0.06801994301994302 0.051549145299145296
0 0.6588319088319088 0.9535256410256411 0.0706908831908832 0.04620726495726496
0 0.7305911680911681 0.9121260683760684 0.07140313390313391 0.05128205128205128
0 0.729522792022792 0.9548611111111112 0.07175925925925926 0.04433760683760684
0 0.792022792022792 0.9236111111111112 0.07923789173789174 0.07612179487179487
0 0.8709045584045584 0.9169337606837606 0.07443019943019943 0.0531517094017094
0 0.8710826210826211 0.9610042735042735 0.07407407407407407 0.03872863247863248
0 0.9439102564102564 0.9206730769230769 0.05555555555555555 0.057158119658119656
0 0.9414173789173789 0.9759615384615384 0.0584045584045584 0.02377136752136752
0 0.38497150997151 0.9671474358974359 0.0681980056980057 0.032852564102564104
0 0.453525641025641 0.9671474358974359 0.06855413105413105 0.032852564102564104
0 0.5219017094017094 0.9676816239316239 0.06677350427350427 0.03205128205128205
0 0.5902777777777778 0.9674145299145299 0.06784188034188034 0.03258547008547009
0 0.6556267806267806 0.969551282051282 0.0681980056980057 0.030181623931623932
0 0.25124643874643876 0.9764957264957265 0.06837606837606838 0.022435897435897436
0 0.3148148148148148 0.9724893162393162 0.0706908831908832 0.027243589743589744
