0 0.0008279859242392879 0.05015576323987539 0.015317739598426828 0.01588785046728972
0 0.1316497619540468 0.048286604361370715 0.041192299730904575 0.018691588785046728
0 0.2175533015938729 0.04984423676012461 0.03974332436348582 0.020560747663551402
0 0.3022148623473401 0.04392523364485981 0.04098530324984475 0.009345794392523364
0 0.3756986131235769 0.04299065420560748 0.040157317325605464 0.013707165109034268
0 0.43075967708548957 0.045171339563862926 0.039950320844545646 0.01339563862928349
0 0.5032084454564273 0.04361370716510903 0.039950320844545646 0.014330218068535825
0 0.6040157317325605 0.04392523364485981 0.040157317325605464 0.01339563862928349
0 0.6487269716414821 0.04018691588785047 0.04077830676878493 0.016510903426791276
0 0.7172428068722831 0.040809968847352024 0.0413992962119644 0.015264797507788162
0 0.7979714344856137 0.04205607476635514 0.03974332436348582 0.01277258566978193
0 0.859242392879321 0.0367601246105919 0.04160629269302422 0.018691588785046728
0 0.9389360380873525 0.041121495327102804 0.040157317325605464 0.019626168224299065
0 0.9590146967501553 0.26510903426791277 0.039122334920306354 0.017133956386292833
0 0.903539639826123 0.2635514018691589 0.03974332436348582 0.01806853582554517
0 0.8571724280687228 0.26510903426791277 0.040157317325605464 0.0161993769470405
0 0.7838956737735459 0.2641744548286604 0.039536327882425996 0.017445482866043614
0 0.7091699441109501 0.26510903426791277 0.039950320844545646 0.016822429906542057
0 0.5352929000206996 0.2641744548286604 0.038915338439246536 0.013707165109034268
0 0.4754709169944111 0.26635514018691586 0.038501345477126886 0.011838006230529595
0 0.3872904160629269 0.26697819314641746 0.038501345477126886 0.014018691588785047
0 0.32332850341544195 0.2641744548286604 0.038915338439246536 0.018691588785046728
0 0.22748913268474436 0.26666666666666666 0.039536327882425996 0.01806853582554517
0 0.1422065824880977 0.2672897196261682 0.039536327882425996 0.016510903426791276
0 0.05692403229145104 0.2691588785046729 0.04077830676878493 0.014330218068535825
0 0.027737528462016145 0.45669781931464176 0.039950320844545646 0.015264797507788162
0 0.08052163113227075 0.4585669781931464 0.039536327882425996 0.014641744548286604
0 0.13434071620782448 0.45763239875389405 0.039536327882425996 0.016510903426791276
0 0.20782446698406126 0.4554517133956386 0.038501345477126886 0.019937694704049845
0 0.25460567170358106 0.4557632398753894 0.037880356033947425 0.019626168224299065
0 0.3154626371351687 0.4520249221183801 0.03808735251500724 0.02118380062305296
0 0.39660525771061894 0.4557632398753894 0.037880356033947425 0.016822429906542057
0 0.5025874560132477 0.45451713395638627 0.03746636307182778 0.016510903426791276
0 0.6336162285241151 0.45077881619937693 0.03829434899606707 0.020872274143302182
0 0.7160008279859242 0.4504672897196262 0.03829434899606707 0.021806853582554516
0 0.7758228110122128 0.4538940809968847 0.03725936659076796 0.018691588785046728
0 0.8242599875802111 0.4526479750778816 0.036845373628648315 0.019003115264797508
0 0.8948457876216104 0.45514018691588787 0.037880356033947425 0.01806853582554517
0 0.9484578762161043 0.453582554517134 0.03746636307182778 0.01806853582554517
0 0.9072655764851998 0.6345794392523364 0.038501345477126886 0.01557632398753894
0 0.8383357482922791 0.6358255451713396 0.03663837714758849 0.020560747663551402
0 0.7658869799213414 0.6383177570093458 0.03663837714758849 0.018691588785046728
0 0.7112399089215483 0.6373831775700934 0.036845373628648315 0.020249221183800622
0 0.6458290209066446 0.6401869158878505 0.036845373628648315 0.017133956386292833
0 0.5740012419788864 0.640809968847352 0.03663837714758849 0.0161993769470405
0 0.3703167046160215 0.6398753894080997 0.03725936659076796 0.01806853582554517
0 0.31194369695715174 0.6395638629283489 0.0376733595528876 0.018691588785046728
0 0.057752018215690336 0.6389408099688474 0.038915338439246536 0.020872274143302182
0 0.023804595321879528 0.8080996884735202 0.039536327882425996 0.02336448598130841
0 0.09418339888221901 0.8099688473520249 0.03829434899606707 0.022741433021806853
0 0.17387704409025045 0.8137071651090343 0.0376733595528876 0.020560747663551402
0 0.2552266611467605 0.8087227414330218 0.03725936659076796 0.0264797507788162
0 0.32187952804802317 0.8165109034267912 0.03622438418546885 0.020249221183800622
0 0.3999172014075761 0.8158878504672897 0.03539639826122956 0.020249221183800622
0 0.459325191471745 0.8127725856697819 0.03643138066652867 0.022741433021806853
0 0.5228731111571103 0.8177570093457944 0.01800869385220451 0.016510903426791276
0 0.5390188366797765 0.811214953271028 0.034775408818050094 0.04236760124610592
0 0.5746222314220658 0.8137071651090343 0.028358517905195613 0.019626168224299065
0 0.6379631546263713 0.8096573208722742 0.03725936659076796 0.023052959501557634
0 0.6971641482094805 0.8149532710280374 0.03560339474228938 0.017445482866043614
0 0.748913268474436 0.8130841121495327 0.03601738770440902 0.01806853582554517
0 0.7890705858000414 0.8121495327102803 0.03663837714758849 0.017757009345794394
0 0.8348168081142621 0.8109034267912772 0.03705237010970813 0.01806853582554517
0 0.8760091078451666 0.8080996884735202 0.03539639826122956 0.01806853582554517
0 0.9203063547919685 0.8080996884735202 0.035810391223349204 0.01806853582554517
0 0.9732974539432829 0.8077881619937695 0.026495549575657213 0.01838006230529595
0 0.0 0.011526479750778817 0.027737528462016145 0.02866043613707165
0 0.0 0.0 0.026702546056717034 0.019314641744548288
0 0.028772510867315255 0.01588785046728972 0.04036431380666529 0.023987538940809967
0 0.028772510867315255 0.0 0.040157317325605464 0.021806853582554516
0 0.07120678948457876 0.0161993769470405 0.0424342786172635 0.022741433021806853
0 0.07141378596563859 0.0 0.041192299730904575 0.019937694704049845
0 0.11467605050714137 0.0 0.040157317325605464 0.021806853582554516
0 0.11364106810184227 0.013084112149532711 0.041192299730904575 0.02554517133956386
0 0.15731732560546471 0.011838006230529595 0.04098530324984475 0.0264797507788162
0 0.15731732560546471 0.0 0.04036431380666529 0.020560747663551402
0 0.20016559718484786 0.011838006230529595 0.04284827157938315 0.025233644859813085
0 0.19995860070378804 0.0 0.04160629269302422 0.017445482866043614
0 0.24404885116953012 0.009034267912772585 0.041192299730904575 0.032398753894081
0 0.24259987580211137 0.0 0.04264127509832333 0.020249221183800622
0 0.2862761333057338 0.007476635514018692 0.0424342786172635 0.03208722741433022
0 0.2862761333057338 0.0 0.04202028565514386 0.01838006230529595
0 0.33036638377147587 0.010280373831775701 0.0413992962119644 0.024610591900311528
0 0.33015938729041605 0.0 0.04160629269302422 0.019003115264797508
0 0.3730076588697992 0.0 0.029393500310494723 0.03489096573208723
0 0.40364313806665286 0.0 0.03125646864003312 0.03426791277258567
0 0.4380045539225833 0.0 0.030014489753674187 0.03333333333333333
0 0.47029600496791557 0.0071651090342679125 0.041192299730904575 0.026168224299065422
0 0.4698820120057959 0.0 0.04160629269302422 0.0161993769470405
0 0.5125232871041192 0.008411214953271028 0.04181328917408404 0.02367601246105919
0 0.5125232871041192 0.0 0.04181328917408404 0.01806853582554517
0 0.5553715586835024 0.0 0.0413992962119644 0.016822429906542057
0 0.5555785551645622 0.00809968847352025 0.041192299730904575 0.023987538940809967
0 0.5994618091492445 0.0 0.03974332436348582 0.017445482866043614
0 0.5994618091492445 0.0071651090342679125 0.03974332436348582 0.024922118380062305
0 0.6402401159180294 0.0 0.0413992962119644 0.017445482866043614
0 0.6404471123990892 0.0065420560747663555 0.04181328917408404 0.024610591900311528
0 0.6835023804595322 0.008722741433021807 0.04098530324984475 0.023052959501557634
0 0.6832953839784723 0.0 0.041192299730904575 0.016822429906542057
0 0.7257296625957359 0.0 0.04202028565514386 0.01838006230529595
0 0.7255226661146761 0.006853582554517134 0.042227282136203685 0.024610591900311528
0 0.7702339060235976 0.0 0.039122334920306354 0.01588785046728972
0 0.7702339060235976 0.0071651090342679125 0.039122334920306354 0.024299065420560748
0 0.8103912233492031 0.0 0.042227282136203685 0.017133956386292833
0 0.8103912233492031 0.006853582554517134 0.042227282136203685 0.024610591900311528
0 0.8536534878907058 0.006230529595015576 0.039950320844545646 0.025233644859813085
0 0.8536534878907058 0.0 0.03974332436348582 0.016510903426791276
0 0.8946387911405506 0.008411214953271028 0.041192299730904575 0.027102803738317756
0 0.8946387911405506 0.0 0.041192299730904575 0.016822429906542057
0 0.9368660732767543 0.009968847352024923 0.039950320844545646 0.0264797507788162
0 0.9368660732767543 0.0 0.039950320844545646 0.01806853582554517
0 0.977851376526599 0.012461059190031152 0.02194162699234113 0.024299065420560748
0 0.9780583730076589 0.0 0.021734630511281307 0.019626168224299065
0 0.0 0.07538940809968847 0.03705237010970813 0.03489096573208723
0 0.0 0.10093457943925234 0.037880356033947425 0.03551401869158879
0 0.0 0.1280373831775701 0.03870834195818671 0.03395638629283489
0 0.0 0.1545171339563863 0.03870834195818671 0.03302180685358255
0 0.0 0.18130841121495328 0.03974332436348582 0.03177570093457944
0 0.0 0.2071651090342679 0.0413992962119644 0.03208722741433022
0 0.0 0.23333333333333334 0.04264127509832333 0.027102803738317756
0 0.04202028565514386 0.23302180685358256 0.04181328917408404 0.028037383177570093
0 0.04160629269302422 0.2059190031152648 0.041192299730904575 0.0308411214953271
0 0.04057131028772511 0.17943925233644858 0.041192299730904575 0.03208722741433022
0 0.03974332436348582 0.1529595015576324 0.04098530324984475 0.03208722741433022
0 0.038915338439246536 0.12585669781931463 0.04077830676878493 0.03333333333333333
0 0.0376733595528876 0.09844236760124611 0.04098530324984475 0.03333333333333333
0 0.036845373628648315 0.07414330218068536 0.040157317325605464 0.03146417445482866
0 0.07762368039743324 0.07040498442367601 0.03974332436348582 0.03333333333333333
0 0.11840198716621818 0.06947040498442368 0.0424342786172635 0.03271028037383177
0 0.11922997309045746 0.09595015576323987 0.04388325398468226 0.03489096573208723
0 0.1204719519768164 0.12274143302180686 0.04367625750362244 0.03457943925233645
0 0.12109294141999585 0.14953271028037382 0.04388325398468226 0.03457943925233645
0 0.12212792382529497 0.17694704049844237 0.04409025046574208 0.03302180685358255
0 0.12295590974953426 0.2043613707165109 0.04409025046574208 0.03208722741433022
0 0.12357689919271372 0.23052959501557632 0.04409025046574208 0.02866043613707165
0 0.16828813910163526 0.23052959501557632 0.043469261022562614 0.029595015576323987
0 0.167460153177396 0.20342679127725857 0.04305526806044297 0.03333333333333333
0 0.1666321672531567 0.1766355140186916 0.043469261022562614 0.03271028037383177
0 0.16518319188573793 0.14922118380062305 0.04367625750362244 0.03271028037383177
0 0.16414820948043884 0.12242990654205607 0.04367625750362244 0.03271028037383177
0 0.16311322707513973 0.09532710280373832 0.043262264541502796 0.03333333333333333
0 0.16228524115090043 0.06978193146417445 0.0424342786172635 0.03177570093457944
0 0.20658248809770233 0.07071651090342679 0.0424342786172635 0.03364485981308411
0 0.20782446698406126 0.09719626168224299 0.0413992962119644 0.03395638629283489
0 0.20885944938936038 0.12461059190031153 0.04098530324984475 0.032398753894081
0 0.20927344235148002 0.15140186915887852 0.041192299730904575 0.03177570093457944
0 0.21051542123783895 0.17850467289719626 0.04077830676878493 0.03115264797507788
0 0.21155040364313807 0.20529595015576324 0.04057131028772511 0.030218068535825544
0 0.21258538604843719 0.23177570093457944 0.04036431380666529 0.02866043613707165
0 0.252328710411923 0.23115264797507787 0.04264127509832333 0.02866043613707165
0 0.24984475263920514 0.06978193146417445 0.04409025046574208 0.03364485981308411
0 0.24984475263920514 0.09470404984423676 0.04367625750362244 0.03582554517133956
0 0.24984475263920514 0.12305295950155763 0.043469261022562614 0.03208722741433022
0 0.2508797350445042 0.15046728971962617 0.0424342786172635 0.03177570093457944
0 0.25129372800662386 0.17725856697819314 0.04264127509832333 0.03364485981308411
0 0.29496998551024634 0.06822429906542056 0.038915338439246536 0.03489096573208723
0 0.29414199958600706 0.09532710280373832 0.04057131028772511 0.03395638629283489
0 0.2931070171807079 0.12242990654205607 0.04160629269302422 0.03426791277258567
0 0.2939350031049472 0.14922118380062305 0.04160629269302422 0.03489096573208723
0 0.29414199958600706 0.1766355140186916 0.042227282136203685 0.03426791277258567
0 0.25191471744980337 0.2046728971962617 0.04284827157938315 0.02679127725856698
0 0.2943489960670669 0.20404984423676012 0.04264127509832333 0.03364485981308411
0 0.29517698199130615 0.23208722741433022 0.04202028565514386 0.027725856697819316
0 0.334920306354792 0.06791277258566979 0.041192299730904575 0.03489096573208723
0 0.3353342993169116 0.09626168224299066 0.04181328917408404 0.03489096573208723
0 0.3353342993169116 0.1252336448598131 0.042227282136203685 0.03208722741433022
0 0.33574829227903125 0.15046728971962617 0.04202028565514386 0.03333333333333333
0 0.3365762782032705 0.17757009345794392 0.04181328917408404 0.03271028037383177
0 0.3369902711653902 0.20498442367601247 0.04160629269302422 0.03115264797507788
0 0.33740426412750985 0.2308411214953271 0.041192299730904575 0.030218068535825544
0 0.3775615814531153 0.06417445482866044 0.04160629269302422 0.04330218068535826
0 0.3775615814531153 0.1015576323987539 0.04181328917408404 0.044859813084112146
0 0.3783895673773546 0.1411214953271028 0.04077830676878493 0.04299065420560748
0 0.3785965638584144 0.17975077881619939 0.0413992962119644 0.0426791277258567
0 0.3783895673773546 0.21869158878504674 0.04160629269302422 0.041121495327102804
0 0.42040985303249845 0.0632398753894081 0.03974332436348582 0.04205607476635514
0 0.42040985303249845 0.09875389408099688 0.04098530324984475 0.04548286604361371
0 0.41937487062719936 0.13862928348909656 0.042227282136203685 0.04423676012461059
0 0.4212378389567377 0.1791277258566978 0.04036431380666529 0.04361370716510903
0 0.4199958600703788 0.21838006230529594 0.04181328917408404 0.041433021806853584
0 0.4607741668391637 0.0616822429906542 0.04202028565514386 0.0426791277258567
0 0.46180914924446287 0.10062305295950155 0.04098530324984475 0.04330218068535826
0 0.4607741668391637 0.14049844236760126 0.0424342786172635 0.041121495327102804
0 0.46180914924446287 0.18006230529595016 0.04202028565514386 0.04018691588785047
0 0.4607741668391637 0.21838006230529594 0.04305526806044297 0.03925233644859813
0 0.5034154419374871 0.09781931464174455 0.0424342786172635 0.045171339563862926
0 0.5044504243427862 0.13894080996884736 0.0413992962119644 0.04361370716510903
0 0.5038294348996067 0.1781931464174455 0.04202028565514386 0.04205607476635514
0 0.5038294348996067 0.21682242990654205 0.04202028565514386 0.0426791277258567
0 0.5452287311115711 0.06292834890965732 0.0424342786172635 0.041744548286604365
0 0.54647070999793 0.10062305295950155 0.04098530324984475 0.04236760124610592
0 0.5468847029600497 0.13738317757009347 0.04036431380666529 0.04579439252336449
0 0.54647070999793 0.17850467289719626 0.04077830676878493 0.0426791277258567
0 0.5462637135168702 0.21682242990654205 0.04057131028772511 0.0426791277258567
0 0.588490995653074 0.067601246105919 0.04098530324984475 0.030529595015576325
0 0.5889049886151936 0.09470404984423676 0.039950320844545646 0.03271028037383177
0 0.5882839991720141 0.12274143302180686 0.04036431380666529 0.03115264797507788
0 0.5882839991720141 0.14953271028037382 0.039950320844545646 0.03115264797507788
0 0.5876630097288346 0.17757009345794392 0.041192299730904575 0.030218068535825544
0 0.5876630097288346 0.2043613707165109 0.041192299730904575 0.03146417445482866
0 0.5876630097288346 0.2308411214953271 0.04057131028772511 0.027725856697819316
0 0.6309252742703374 0.06728971962616823 0.04098530324984475 0.03302180685358255
0 0.6296832953839785 0.09719626168224299 0.042227282136203685 0.0308411214953271
0 0.629062305940799 0.12274143302180686 0.04284827157938315 0.03271028037383177
0 0.6294762989029187 0.14922118380062305 0.041192299730904575 0.03271028037383177
0 0.6294762989029187 0.17694704049844237 0.04098530324984475 0.030218068535825544
0 0.6300972883460981 0.2031152647975078 0.03974332436348582 0.028037383177570093
0 0.6288553094597392 0.23146417445482867 0.041192299730904575 0.02679127725856698
0 0.672117574001242 0.12118380062305296 0.042227282136203685 0.032398753894081
0 0.6712895880770027 0.14766355140186915 0.0424342786172635 0.03395638629283489
0 0.670875595114883 0.1766355140186916 0.04202028565514386 0.030529595015576325
0 0.6704616021527634 0.20249221183800623 0.04202028565514386 0.02897196261682243
0 0.670875595114883 0.2308411214953271 0.04160629269302422 0.028037383177570093
0 0.7102049265162492 0.06791277258566979 0.043262264541502796 0.03146417445482866
0 0.7097909335541296 0.09719626168224299 0.043469261022562614 0.029906542056074768
0 0.7160008279859242 0.12429906542056075 0.03663837714758849 0.029283489096573207
0 0.7137238666942662 0.15046728971962617 0.03829434899606707 0.03115264797507788
0 0.7131028772510868 0.17694704049844237 0.038501345477126886 0.03115264797507788
0 0.7137238666942662 0.20498442367601247 0.0376733595528876 0.02866043613707165
0 0.7128958807700269 0.23146417445482867 0.03808735251500724 0.0264797507788162
0 0.7545021734630512 0.06074766355140187 0.049886151935417095 0.04205607476635514
0 0.7538811840198717 0.1 0.04967915545435728 0.04361370716510903
0 0.754709169944111 0.14018691588785046 0.04740219416269923 0.041121495327102804
0 0.7528462016145726 0.18037383177570093 0.04823018008693852 0.03894080996884735
0 0.7520182156903332 0.2193146417445483 0.04843717656799834 0.03894080996884735
0 0.8052163113227075 0.058566978193146414 0.05050714137859656 0.04392523364485981
0 0.8041813289174085 0.09688473520249222 0.05112813082177603 0.04610591900311527
0 0.8045953218795281 0.1383177570093458 0.04843717656799834 0.040809968847352024
0 0.8012833781825709 0.17850467289719626 0.05050714137859656 0.040809968847352024
0 0.8002483957772718 0.2177570093457944 0.05112813082177603 0.038317757009345796
0 0.8561374456634238 0.06417445482866044 0.04077830676878493 0.03177570093457944
0 0.8561374456634238 0.09283489096573208 0.04036431380666529 0.0308411214953271
0 0.8548954667770647 0.12024922118380062 0.04036431380666529 0.028348909657320873
0 0.8532394949285862 0.14797507788161993 0.041192299730904575 0.02866043613707165
0 0.8522045125232871 0.17601246105919002 0.04202028565514386 0.027414330218068536
0 0.8517905195611675 0.20342679127725857 0.04077830676878493 0.026168224299065422
0 0.8509625336369282 0.2292834890965732 0.04160629269302422 0.025856697819314642
0 0.8981577313185676 0.06635514018691589 0.0424342786172635 0.02866043613707165
0 0.8960877665079694 0.09283489096573208 0.04367625750362244 0.030218068535825544
0 0.8954667770647899 0.12024922118380062 0.0424342786172635 0.029906542056074768
0 0.8948457876216104 0.14797507788161993 0.042227282136203685 0.029283489096573207
0 0.8936038087352515 0.17445482866043613 0.04305526806044297 0.029595015576323987
0 0.8927758228110122 0.20342679127725857 0.0424342786172635 0.02554517133956386
0 0.892982819292072 0.22803738317757008 0.04098530324984475 0.02866043613707165
0 0.9395570275305319 0.09127725856697819 0.04264127509832333 0.030218068535825544
0 0.9381080521631132 0.12118380062305296 0.04305526806044297 0.028037383177570093
0 0.9370730697578141 0.14766355140186915 0.0424342786172635 0.02866043613707165
0 0.9358310908714552 0.17476635514018693 0.04264127509832333 0.027725856697819316
0 0.9352101014282758 0.20093457943925233 0.04264127509832333 0.02866043613707165
0 0.9337611260608569 0.22866043613707165 0.04284827157938315 0.027102803738317756
0 0.9815773131856759 0.0940809968847352 0.01800869385220451 0.02897196261682243
0 0.9805423307803768 0.12242990654205607 0.01862968329538398 0.027725856697819316
0 0.9799213413371972 0.15077881619937694 0.020078658662802732 0.02554517133956386
0 0.9782653694887187 0.1781931464174455 0.021320637549161664 0.025233644859813085
0 0.9776443800455392 0.20342679127725857 0.022355619954460774 0.026168224299065422
0 0.9768163941213 0.23021806853582555 0.02297660939764024 0.025856697819314642
0 0.00041399296211964395 0.29750778816199375 0.03560339474228938 0.040809968847352024
0 0.03643138066652867 0.2987538940809969 0.044297246946801906 0.03925233644859813
0 0.08155661353756986 0.2937694704049844 0.04367625750362244 0.029595015576323987
0 0.00041399296211964395 0.33613707165109036 0.03705237010970813 0.03987538940809969
0 0.0 0.37383177570093457 0.038915338439246536 0.03925233644859813
0 0.00041399296211964395 0.411214953271028 0.03932933140136618 0.03894080996884735
0 0.03663837714758849 0.3383177570093458 0.04678120471951977 0.03707165109034268
0 0.03808735251500724 0.3747663551401869 0.04595321879528048 0.03644859813084112
0 0.03974332436348582 0.4118380062305296 0.04533222935210102 0.03987538940809969
0 0.08155661353756986 0.31962616822429907 0.04409025046574208 0.02866043613707165
0 0.08259159594286897 0.34766355140186916 0.044504243427861724 0.024922118380062305
0 0.08341958186710825 0.3719626168224299 0.044297246946801906 0.02679127725856698
0 0.08404057131028772 0.3975077881619938 0.04409025046574208 0.0264797507788162
0 0.084868557234527 0.42398753894081 0.04409025046574208 0.02554517133956386
0 0.12440488511695301 0.2940809968847352 0.044504243427861724 0.027725856697819316
0 0.12481887807907266 0.3190031152647975 0.044504243427861724 0.02866043613707165
0 0.12585386048437178 0.3454828660436137 0.044504243427861724 0.027725856697819316
0 0.12709583937073068 0.3710280373831776 0.04367625750362244 0.0264797507788162
0 0.12792382529496998 0.397196261682243 0.043469261022562614 0.025856697819314642
0 0.12854481473814944 0.4221183800623053 0.04367625750362244 0.027414330218068536
0 0.1684951355826951 0.29439252336448596 0.04284827157938315 0.027414330218068536
0 0.16911612502587456 0.31962616822429907 0.04409025046574208 0.02866043613707165
0 0.1703581039122335 0.34641744548286607 0.04284827157938315 0.0264797507788162
0 0.1703581039122335 0.3710280373831776 0.044297246946801906 0.028348909657320873
0 0.17097909335541295 0.39626168224299063 0.044297246946801906 0.0264797507788162
0 0.17222107224177188 0.42305295950155763 0.04305526806044297 0.026168224299065422
0 0.21113641068101843 0.2906542056074766 0.0413992962119644 0.028348909657320873
0 0.21217139308631752 0.3180685358255452 0.0413992962119644 0.027414330218068536
0 0.21382736493479612 0.34361370716510903 0.04057131028772511 0.027414330218068536
0 0.21444835437797558 0.3710280373831776 0.041192299730904575 0.025233644859813085
0 0.2154833367832747 0.39657320872274143 0.0413992962119644 0.02554517133956386
0 0.21693231215069345 0.4224299065420561 0.0413992962119644 0.025233644859813085
0 0.25129372800662386 0.2925233644859813 0.04409025046574208 0.028037383177570093
0 0.252328710411923 0.31962616822429907 0.043469261022562614 0.0264797507788162
0 0.25398468226040155 0.34610591900311527 0.04181328917408404 0.02679127725856698
0 0.25460567170358106 0.3719626168224299 0.0424342786172635 0.02554517133956386
0 0.2560546470709998 0.3975077881619938 0.04160629269302422 0.02554517133956386
0 0.2577106189194784 0.42305295950155763 0.04160629269302422 0.02554517133956386
0 0.2947629890291865 0.2903426791277259 0.03539639826122956 0.03520249221183801
0 0.2957979714344856 0.3280373831775701 0.03622438418546885 0.041744548286604365
0 0.29703995032084457 0.3707165109034268 0.04077830676878493 0.03582554517133956
0 0.29807493272614366 0.4071651090342679 0.042227282136203685 0.03987538940809969
0 0.3365762782032705 0.28909657320872273 0.03974332436348582 0.04018691588785047
0 0.3369902711653902 0.32897196261682243 0.04202028565514386 0.04018691588785047
0 0.33761126060856966 0.37009345794392523 0.040157317325605464 0.03644859813084112
0 0.33885323949492857 0.4077881619937695 0.040157317325605464 0.03987538940809969
0 0.37818257089629476 0.28753894080996883 0.03746636307182778 0.0264797507788162
0 0.37818257089629476 0.3137071651090343 0.038915338439246536 0.027414330218068536
0 0.37963154626371354 0.3411214953271028 0.03932933140136618 0.02554517133956386
0 0.37963154626371354 0.36728971962616824 0.04036431380666529 0.028037383177570093
0 0.3800455392258332 0.39470404984423674 0.039950320844545646 0.026168224299065422
0 0.38108052163113226 0.42024922118380065 0.03808735251500724 0.027725856697819316
0 0.41854688470296003 0.28753894080996883 0.04077830676878493 0.026168224299065422
0 0.41771889877872076 0.3146417445482866 0.042227282136203685 0.024922118380062305
0 0.41916787414613954 0.3401869158878505 0.041192299730904575 0.0264797507788162
0 0.41916787414613954 0.36666666666666664 0.04202028565514386 0.0264797507788162
0 0.4195818671082592 0.39034267912772586 0.042227282136203685 0.029283489096573207
0 0.42040985303249845 0.4190031152647975 0.04077830676878493 0.02897196261682243
0 0.45994618091492445 0.28473520249221185 0.04077830676878493 0.019937694704049845
0 0.4603601738770441 0.3059190031152648 0.041192299730904575 0.027725856697819316
0 0.4607741668391637 0.3339563862928349 0.0413992962119644 0.029283489096573207
0 0.46263713516870214 0.39034267912772586 0.04098530324984475 0.02866043613707165
0 0.4607741668391637 0.3632398753894081 0.042227282136203685 0.028348909657320873
0 0.46284413164976196 0.41838006230529595 0.038915338439246536 0.0264797507788162
0 0.5056924032291451 0.2838006230529595 0.030842475677913476 0.02118380062305296
0 0.5056924032291451 0.305607476635514 0.03353342993169116 0.027414330218068536
0 0.5048644173049058 0.3339563862928349 0.03643138066652867 0.02866043613707165
0 0.5025874560132477 0.36230529595015576 0.041192299730904575 0.027102803738317756
0 0.5048644173049058 0.38909657320872276 0.0376733595528876 0.02866043613707165
0 0.5073483750776236 0.41713395638629286 0.03353342993169116 0.02897196261682243
0 0.5477126888842889 0.28442367601246105 0.03332643345063134 0.016510903426791276
0 0.5421237838956737 0.3049844236760125 0.039122334920306354 0.027414330218068536
0 0.5417097909335541 0.3317757009345794 0.04181328917408404 0.03115264797507788
0 0.5450217346305113 0.3616822429906542 0.03746636307182778 0.030218068535825544
0 0.54647070999793 0.3925233644859813 0.03705237010970813 0.0264797507788162
0 0.5460567170358104 0.4177570093457944 0.03746636307182778 0.028037383177570093
0 0.5868350238045953 0.3040498442367601 0.04036431380666529 0.02866043613707165
0 0.5864210308424757 0.33582554517133956 0.03974332436348582 0.026168224299065422
0 0.5858000413992962 0.3629283489096573 0.03974332436348582 0.02679127725856698
0 0.5841440695508177 0.3925233644859813 0.04098530324984475 0.024610591900311528
0 0.5841440695508177 0.41806853582554515 0.04036431380666529 0.02679127725856698
0 0.6276133305733802 0.3037383177570093 0.039950320844545646 0.02897196261682243
0 0.6261643552059615 0.33271028037383177 0.0413992962119644 0.029283489096573207
0 0.6261643552059615 0.36043613707165106 0.040157317325605464 0.028037383177570093
0 0.625543365762782 0.38909657320872276 0.03932933140136618 0.028037383177570093
0 0.6245083833574829 0.41713395638629286 0.04036431380666529 0.027725856697819316
0 0.6690126267853447 0.3037383177570093 0.04036431380666529 0.02866043613707165
0 0.6675636514179258 0.3317757009345794 0.0413992962119644 0.030218068535825544
0 0.6669426619747464 0.36230529595015576 0.04036431380666529 0.02866043613707165
0 0.6663216725315669 0.39003115264797505 0.04098530324984475 0.027725856697819316
0 0.6652866901262678 0.41869158878504675 0.04098530324984475 0.027102803738317756
0 0.7099979300351894 0.29314641744548287 0.03974332436348582 0.038629283489096576
0 0.7079279652245912 0.3317757009345794 0.04077830676878493 0.03457943925233645
0 0.7073069757814117 0.367601246105919 0.04036431380666529 0.038006230529595016
0 0.7066859863382322 0.4071651090342679 0.04036431380666529 0.038629283489096576
0 0.7542951769819913 0.28442367601246105 0.04202028565514386 0.03894080996884735
0 0.751190229766094 0.32274143302180686 0.04533222935210102 0.03987538940809969
0 0.7507762368039743 0.3632398753894081 0.04491823638998137 0.03894080996884735
0 0.7524322086524529 0.4040498442367601 0.04181328917408404 0.03956386292834891
0 0.7973504450424342 0.28317757009345795 0.039950320844545646 0.038629283489096576
0 0.796522459118195 0.32274143302180686 0.04036431380666529 0.03925233644859813
0 0.7956944731939557 0.36261682242990656 0.039950320844545646 0.03894080996884735
0 0.7946594907886566 0.40218068535825546 0.039536327882425996 0.041433021806853584
0 0.8377147588490995 0.28317757009345795 0.04284827157938315 0.0367601246105919
0 0.8368867729248602 0.3218068535825545 0.0413992962119644 0.04018691588785047
0 0.8356447940385013 0.36261682242990656 0.04264127509832333 0.03894080996884735
0 0.8341958186710826 0.4015576323987539 0.04181328917408404 0.04205607476635514
0 0.8830469882012005 0.2884735202492212 0.04636721175740013 0.024922118380062305
0 0.881391016352722 0.3152647975077882 0.04740219416269923 0.023987538940809967
0 0.879114055061064 0.3414330218068536 0.04843717656799834 0.024610591900311528
0 0.8787000620989444 0.36728971962616824 0.047609190643759056 0.024299065420560748
0 0.8774580832125853 0.3928348909657321 0.04781618712481888 0.02336448598130841
0 0.8774580832125853 0.41682242990654206 0.046574208238459945 0.027414330218068536
0 0.9294141999586008 0.28909657320872273 0.038501345477126886 0.026168224299065422
0 0.9294141999586008 0.31588785046728973 0.03725936659076796 0.026168224299065422
0 0.9275512316290623 0.34080996884735204 0.03870834195818671 0.025856697819314642
0 0.9263092527427034 0.364797507788162 0.038915338439246536 0.02679127725856698
0 0.9256882632995239 0.39158878504672895 0.03829434899606707 0.025233644859813085
0 0.924446284413165 0.4174454828660436 0.03829434899606707 0.026168224299065422
0 0.9679155454357276 0.2906542056074766 0.032084454564272405 0.024610591900311528
0 0.9670875595114883 0.3133956386292835 0.032084454564272405 0.0264797507788162
0 0.9658455806251294 0.33925233644859815 0.034154419374870626 0.028037383177570093
0 0.966259573587249 0.36542056074766355 0.03332643345063134 0.027102803738317756
0 0.963982612295591 0.3912772585669782 0.03560339474228938 0.024922118380062305
0 0.9623266404471124 0.41682242990654206 0.03725936659076796 0.027414330218068536
0 0.0 0.4834890965732087 0.01800869385220451 0.03925233644859813
0 0.0 0.5227414330218069 0.01862968329538398 0.03613707165109034
0 0.00041399296211964395 0.5588785046728972 0.01966466570068309 0.03457943925233645
0 0.00041399296211964395 0.5937694704049844 0.021527634030221485 0.03707165109034268
0 0.017387704409025047 0.4866043613707165 0.03932933140136618 0.03551401869158879
0 0.016973711446905404 0.5218068535825545 0.04098530324984475 0.038006230529595016
0 0.019250672738563443 0.559190031152648 0.04036431380666529 0.03520249221183801
0 0.021527634030221485 0.594392523364486 0.039536327882425996 0.03707165109034268
0 0.05588904988615193 0.4866043613707165 0.03974332436348582 0.038317757009345796
0 0.05713102877251087 0.5227414330218069 0.04036431380666529 0.03707165109034268
0 0.058993997102049264 0.559190031152648 0.03974332436348582 0.038006230529595016
0 0.05982198302628855 0.5956386292834891 0.040157317325605464 0.03582554517133956
0 0.0950113848064583 0.48753894080996885 0.0424342786172635 0.03707165109034268
0 0.09687435313599668 0.5249221183800623 0.04160629269302422 0.03551401869158879
0 0.09832332850341544 0.559190031152648 0.04098530324984475 0.037383177570093455
0 0.09956530738977437 0.5956386292834891 0.04160629269302422 0.03707165109034268
0 0.13723866694266199 0.48753894080996885 0.03932933140136618 0.03644859813084112
0 0.13806665286690126 0.5246105919003116 0.03974332436348582 0.03520249221183801
0 0.13827364934796108 0.5588785046728972 0.04077830676878493 0.0367601246105919
0 0.1401366176774995 0.5940809968847353 0.04077830676878493 0.03987538940809969
0 0.17925895259780583 0.5940809968847353 0.038915338439246536 0.041121495327102804
0 0.1788449596356862 0.5598130841121496 0.03829434899606707 0.03925233644859813
0 0.17739598426826744 0.525233644859813 0.038501345477126886 0.038006230529595016
0 0.1761540053819085 0.48940809968847354 0.038915338439246536 0.038317757009345796
0 0.21444835437797558 0.49034267912772583 0.04098530324984475 0.038006230529595016
0 0.2146553508590354 0.5258566978193147 0.041192299730904575 0.03894080996884735
0 0.21631132270751396 0.5613707165109034 0.040157317325605464 0.04018691588785047
0 0.21713930863175326 0.5965732087227414 0.040157317325605464 0.040498442367601244
0 0.2570896294762989 0.5975077881619938 0.04057131028772511 0.04018691588785047
0 0.2974539432829642 0.6021806853582554 0.03974332436348582 0.029595015576323987
0 0.2974539432829642 0.577570093457944 0.039536327882425996 0.029906542056074768
0 0.2968329538397847 0.553582554517134 0.03974332436348582 0.029283489096573207
0 0.29641896087766506 0.5295950155763239 0.03932933140136618 0.02866043613707165
0 0.2960049679155454 0.5046728971962616 0.039122334920306354 0.02866043613707165
0 0.2957979714344856 0.4803738317757009 0.03932933140136618 0.027414330218068536
0 0.3351273028358518 0.4803738317757009 0.0413992962119644 0.02866043613707165
0 0.3353342993169116 0.5046728971962616 0.04160629269302422 0.02897196261682243
0 0.33595528876009106 0.5295950155763239 0.04098530324984475 0.030529595015576325
0 0.33595528876009106 0.5548286604361371 0.04036431380666529 0.028348909657320873
0 0.3367832746843304 0.5791277258566978 0.03974332436348582 0.029906542056074768
0 0.33761126060856966 0.6021806853582554 0.039536327882425996 0.03146417445482866
0 0.3777685779341751 0.602803738317757 0.039950320844545646 0.030529595015576325
0 0.3777685779341751 0.5778816199376947 0.04057131028772511 0.03146417445482866
0 0.37673359552887603 0.5529595015576324 0.04160629269302422 0.0308411214953271
0 0.37631960256675634 0.5283489096573208 0.0413992962119644 0.029906542056074768
0 0.37673359552887603 0.5034267912772585 0.040157317325605464 0.028037383177570093
0 0.3756986131235769 0.478816199376947 0.04181328917408404 0.028037383177570093
0 0.4170979093355413 0.48161993769470407 0.040157317325605464 0.04299065420560748
0 0.41751190229766094 0.5211838006230529 0.04077830676878493 0.03925233644859813
0 0.4173049058166011 0.5551401869158878 0.04098530324984475 0.04018691588785047
0 0.4179258952597806 0.5903426791277259 0.03974332436348582 0.041744548286604365
0 0.45808321258538603 0.5912772585669782 0.04036431380666529 0.04205607476635514
0 0.45829020906644585 0.5557632398753894 0.04036431380666529 0.041121495327102804
0 0.45808321258538603 0.5196261682242991 0.04036431380666529 0.04236760124610592
0 0.45849720554750567 0.48286604361370716 0.03932933140136618 0.0426791277258567
0 0.4982405299109915 0.48130841121495327 0.040157317325605464 0.04361370716510903
0 0.4982405299109915 0.5190031152647975 0.039950320844545646 0.041744548286604365
0 0.4982405299109915 0.5542056074766355 0.04036431380666529 0.0426791277258567
0 0.49927551231629064 0.5887850467289719 0.038501345477126886 0.04236760124610592
0 0.5379838542744774 0.5875389408099688 0.037880356033947425 0.040498442367601244
0 0.5381908507555372 0.5526479750778817 0.03725936659076796 0.041121495327102804
0 0.5377768577934176 0.516822429906542 0.03808735251500724 0.041121495327102804
0 0.5381908507555372 0.4794392523364486 0.038501345477126886 0.04205607476635514
0 0.5758642103084247 0.4806853582554517 0.041192299730904575 0.04330218068535826
0 0.5756572138273649 0.5186915887850467 0.04077830676878493 0.041121495327102804
0 0.5758642103084247 0.5542056074766355 0.040157317325605464 0.041744548286604365
0 0.5762782032705444 0.5890965732087228 0.04036431380666529 0.04205607476635514
0 0.6166425170772097 0.48130841121495327 0.04098530324984475 0.04299065420560748
0 0.6166425170772097 0.518380062305296 0.04057131028772511 0.041744548286604365
0 0.6164355205961498 0.553582554517134 0.04036431380666529 0.0426791277258567
0 0.6156075346719105 0.5890965732087228 0.04077830676878493 0.041121495327102804
0 0.6561788449596356 0.5887850467289719 0.04057131028772511 0.040498442367601244
0 0.6559718484785758 0.5532710280373832 0.039536327882425996 0.041433021806853584
0 0.6567998344028152 0.5180685358255451 0.039536327882425996 0.040809968847352024
0 0.6572138273649348 0.4800623052959502 0.03932933140136618 0.04205607476635514
0 0.6984061270958394 0.4781931464174455 0.04181328917408404 0.04454828660436137
0 0.6994411095011385 0.516822429906542 0.04036431380666529 0.041744548286604365
0 0.6981991306147796 0.5523364485981308 0.04098530324984475 0.041744548286604365
0 0.6975781411716001 0.5878504672897197 0.04057131028772511 0.04236760124610592
0 0.7395984268267439 0.5850467289719626 0.04160629269302422 0.044859813084112146
0 0.7400124197888636 0.5479750778816199 0.04160629269302422 0.04330218068535826
0 0.7412543986752225 0.5090342679127726 0.0413992962119644 0.04392523364485981
0 0.7410474021941627 0.4738317757009346 0.04284827157938315 0.041121495327102804
0 0.783688677292486 0.4738317757009346 0.03829434899606707 0.03987538940809969
0 0.7824466984061271 0.5093457943925234 0.03829434899606707 0.041744548286604365
0 0.7818257089629477 0.5454828660436137 0.03725936659076796 0.04423676012461059
0 0.7809977230387083 0.5834890965732087 0.03746636307182778 0.04454828660436137
0 0.8184640861105361 0.5834890965732087 0.039122334920306354 0.04330218068535826
0 0.8190850755537156 0.5454828660436137 0.03974332436348582 0.04205607476635514
0 0.8209480438832539 0.508411214953271 0.039122334920306354 0.041744548286604365
0 0.8219830262885531 0.473208722741433 0.039122334920306354 0.03925233644859813
0 0.8573794245497827 0.597196261682243 0.03829434899606707 0.027725856697819316
0 0.8590353963982612 0.5735202492211838 0.0376733595528876 0.026168224299065422
0 0.8590353963982612 0.5501557632398754 0.03829434899606707 0.02554517133956386
0 0.8594493893603808 0.525233644859813 0.03932933140136618 0.02554517133956386
0 0.8608983647277997 0.5003115264797507 0.039122334920306354 0.028348909657320873
0 0.8615193541709791 0.4750778816199377 0.03974332436348582 0.02897196261682243
0 0.9025046574208239 0.4766355140186916 0.04388325398468226 0.028037383177570093
0 0.902297660939764 0.5021806853582554 0.04264127509832333 0.025856697819314642
0 0.9002276961291658 0.5271028037383177 0.04284827157938315 0.025233644859813085
0 0.8989857172428068 0.5504672897196262 0.04305526806044297 0.02679127725856698
0 0.8977437383564479 0.5710280373831775 0.04264127509832333 0.030218068535825544
0 0.8971227489132685 0.5953271028037384 0.04284827157938315 0.03115264797507788
0 0.9395570275305319 0.5975077881619938 0.037880356033947425 0.02897196261682243
0 0.9410060028979508 0.5728971962616822 0.038501345477126886 0.029283489096573207
0 0.9410060028979508 0.5476635514018692 0.040157317325605464 0.030218068535825544
0 0.9434899606706686 0.525233644859813 0.038501345477126886 0.02866043613707165
0 0.9447319395570275 0.5009345794392523 0.039122334920306354 0.028348909657320873
0 0.9463879114055062 0.478816199376947 0.03808735251500724 0.023987538940809967
0 0.9842682674394535 0.4769470404984424 0.015524736079486649 0.028037383177570093
0 0.9828192920720348 0.5031152647975078 0.016973711446905404 0.027102803738317756
0 0.9819913061477955 0.5264797507788161 0.01780169737114469 0.028348909657320873
0 0.9795073483750776 0.5744548286604362 0.020285655143862553 0.02897196261682243
0 0.9774373835644794 0.597196261682243 0.022355619954460774 0.0308411214953271
0 0.0 0.7682242990654206 0.014489753674187538 0.03426791277258567
0 0.0 0.7454828660436137 0.013868764231008072 0.032398753894081
0 0.0 0.7193146417445483 0.013040778306768785 0.03208722741433022
0 0.0 0.6934579439252336 0.012212792382529498 0.03115264797507788
0 0.0 0.6657320872274143 0.010142827571931277 0.03364485981308411
0 0.010142827571931277 0.6595015576323987 0.028358517905195613 0.014953271028037384
0 0.009935831090871455 0.667601246105919 0.03022148623473401 0.03271028037383177
0 0.011591802939350032 0.6937694704049844 0.028565514386255434 0.032398753894081
0 0.012833781825708964 0.7214953271028037 0.028772510867315255 0.030529595015576325
0 0.013868764231008072 0.7454828660436137 0.028772510867315255 0.03271028037383177
0 0.015317739598426828 0.7728971962616823 0.028565514386255434 0.030529595015576325
0 0.03808735251500724 0.6598130841121496 0.030842475677913476 0.016822429906542057
0 0.038501345477126886 0.6697819314641744 0.0329124404885117 0.03426791277258567
0 0.039536327882425996 0.6962616822429907 0.032498447526392055 0.03177570093457944
0 0.04098530324984475 0.7236760124610592 0.03229145104533223 0.0308411214953271
0 0.0424342786172635 0.74797507788162 0.03167046160215276 0.03177570093457944
0 0.04409025046574208 0.7738317757009345 0.03125646864003312 0.03115264797507788
0 0.07472572966259573 0.7778816199376947 0.03746636307182778 0.02866043613707165
0 0.07389774373835645 0.7538940809968847 0.03643138066652867 0.029906542056074768
0 0.07265576485199751 0.7308411214953271 0.03705237010970813 0.029283489096573207
0 0.07120678948457876 0.7068535825545171 0.037880356033947425 0.030529595015576325
0 0.07037880356033947 0.6838006230529595 0.0376733595528876 0.029595015576323987
0 0.0687228317118609 0.6607476635514019 0.04202028565514386 0.028348909657320873
0 0.10784516663216726 0.6750778816199376 0.042227282136203685 0.040809968847352024
0 0.10908714551852619 0.7093457943925233 0.042227282136203685 0.030529595015576325
0 0.10846615607534672 0.7093457943925233 0.04284827157938315 0.030218068535825544
0 0.10991513144276548 0.7342679127725856 0.04098530324984475 0.02866043613707165
0 0.11095011384806458 0.7579439252336448 0.04077830676878493 0.02897196261682243
0 0.1119850962533637 0.7800623052959501 0.04160629269302422 0.030218068535825544
0 0.15276340302214864 0.7663551401869159 0.0413992962119644 0.040498442367601244
0 0.15214241357896915 0.7314641744548287 0.039950320844545646 0.04205607476635514
0 0.1506934382115504 0.6984423676012461 0.040157317325605464 0.040498442367601244
0 0.1486234734009522 0.6623052959501557 0.0413992962119644 0.041744548286604365
0 0.1902297660939764 0.6626168224299065 0.0376733595528876 0.03987538940809969
0 0.19064375905609604 0.6956386292834891 0.03705237010970813 0.041744548286604365
0 0.19167874146139516 0.7305295950155763 0.037880356033947425 0.041121495327102804
0 0.1931277168288139 0.7654205607476635 0.03725936659076796 0.03987538940809969
0 0.23100807286276134 0.778816199376947 0.03932933140136618 0.02866043613707165
0 0.22997309045746223 0.7551401869158878 0.039536327882425996 0.029595015576323987
0 0.22914510453322293 0.7308411214953271 0.040157317325605464 0.03115264797507788
0 0.227903125646864 0.7065420560747664 0.04057131028772511 0.03177570093457944
0 0.22769612916580417 0.6831775700934579 0.040157317325605464 0.029595015576323987
0 0.22748913268474436 0.6632398753894081 0.04036431380666529 0.025233644859813085
0 0.26702546056717036 0.6638629283489097 0.038915338439246536 0.026168224299065422
0 0.26806044297246945 0.684423676012461 0.038501345477126886 0.029283489096573207
0 0.2688884288967088 0.7071651090342679 0.038501345477126886 0.03208722741433022
0 0.2688884288967088 0.7314641744548287 0.037880356033947425 0.03115264797507788
0 0.2701304077830677 0.7551401869158878 0.03808735251500724 0.0308411214953271
0 0.2705444007451873 0.778816199376947 0.038915338439246536 0.03115264797507788
0 0.30925274270337405 0.7766355140186916 0.031049472158973298 0.0308411214953271
0 0.3080107638170151 0.7501557632398754 0.03270544400745187 0.03333333333333333
0 0.30780376733595527 0.7252336448598131 0.03229145104533223 0.03426791277258567
0 0.3071827778927758 0.6993769470404985 0.032498447526392055 0.03177570093457944
0 0.306975781411716 0.667601246105919 0.032084454564272405 0.038317757009345796
0 0.33864624301386875 0.6666666666666666 0.031463465121092944 0.040809968847352024
0 0.33885323949492857 0.6996884735202492 0.0329124404885117 0.03302180685358255
0 0.3392672324570482 0.7246105919003115 0.032084454564272405 0.03271028037383177
0 0.3398882219002277 0.7498442367601246 0.032498447526392055 0.03177570093457944
0 0.34050921134340717 0.7744548286604361 0.032084454564272405 0.032398753894081
0 0.37259366590767956 0.7757009345794392 0.03808735251500724 0.030218068535825544
0 0.37155868350238047 0.75202492211838 0.03932933140136618 0.03146417445482866
0 0.37135168702132065 0.7289719626168224 0.038501345477126886 0.0308411214953271
0 0.370937694059201 0.705607476635514 0.039122334920306354 0.0308411214953271
0 0.37073069757814114 0.6825545171339564 0.039122334920306354 0.029906542056074768
0 0.3703167046160215 0.6588785046728972 0.03932933140136618 0.029283489096573207
0 0.4088180500931484 0.6582554517133956 0.039122334920306354 0.029283489096573207
0 0.4096460360173877 0.6809968847352025 0.039536327882425996 0.0308411214953271
0 0.41026702546056715 0.7046728971962617 0.03808735251500724 0.03115264797507788
0 0.4098530324984475 0.7277258566978193 0.039536327882425996 0.03177570093457944
0 0.41006002897950733 0.7514018691588785 0.039536327882425996 0.03208722741433022
0 0.41068101842268684 0.7744548286604361 0.03932933140136618 0.03115264797507788
0 0.44876837093769406 0.6595015576323987 0.039950320844545646 0.045171339563862926
0 0.4489753674187539 0.6947040498442367 0.039536327882425996 0.044859813084112146
0 0.4491823638998137 0.7305295950155763 0.038915338439246536 0.04299065420560748
0 0.4491823638998137 0.7641744548286604 0.039122334920306354 0.04205607476635514
0 0.48830469882012006 0.6598130841121496 0.038915338439246536 0.0426791277258567
0 0.4885116953011799 0.6953271028037383 0.039536327882425996 0.04236760124610592
0 0.48789070585800043 0.7289719626168224 0.038915338439246536 0.04423676012461059
0 0.48789070585800043 0.7635514018691589 0.03974332436348582 0.0426791277258567
0 0.5272200372593666 0.7644859813084112 0.039122334920306354 0.04236760124610592
0 0.5274270337404264 0.7283489096573209 0.03932933140136618 0.04423676012461059
0 0.5270130407783068 0.6940809968847352 0.039950320844545646 0.04392523364485981
0 0.5274270337404264 0.6601246105919003 0.039536327882425996 0.041744548286604365
0 0.5665493686607328 0.6588785046728972 0.04057131028772511 0.04454828660436137
0 0.5667563651417926 0.6947040498442367 0.03870834195818671 0.0426791277258567
0 0.5661353756986132 0.7289719626168224 0.03932933140136618 0.0426791277258567
0 0.5657213827364935 0.7626168224299066 0.03870834195818671 0.041433021806853584
0 0.6048437176567998 0.7672897196261682 0.045539225833160835 0.03894080996884735
0 0.6048437176567998 0.7389408099688474 0.0461602152763403 0.03956386292834891
0 0.60463672117574 0.7115264797507788 0.04698820120057959 0.037694704049844235
0 0.605878700062099 0.6828660436137072 0.04636721175740013 0.037383177570093455
0 0.6060856965431588 0.6588785046728972 0.04636721175740013 0.03177570093457944
0 0.6526599047816187 0.6582554517133956 0.04678120471951977 0.03177570093457944
0 0.6518319188573795 0.6819314641744548 0.04719519768163941 0.037694704049844235
0 0.6512109294142 0.7099688473520249 0.046574208238459945 0.03925233644859813
0 0.6510039329331402 0.7383177570093458 0.0461602152763403 0.03956386292834891
0 0.6507969364520804 0.7669781931464175 0.04574622231422066 0.03894080996884735
0 0.6967501552473608 0.7585669781931464 0.03725936659076796 0.041744548286604365
0 0.6971641482094805 0.7249221183800623 0.037880356033947425 0.041744548286604365
0 0.6979921341337197 0.6909657320872274 0.03829434899606707 0.041744548286604365
0 0.6984061270958394 0.6595015576323987 0.037880356033947425 0.037694704049844235
0 0.7369074725729663 0.6585669781931465 0.048644173049058166 0.04299065420560748
0 0.7364934796108467 0.6925233644859813 0.04823018008693852 0.04392523364485981
0 0.7356654936866073 0.7261682242990655 0.04823018008693852 0.045171339563862926
0 0.734837507762368 0.7585669781931464 0.04823018008693852 0.04735202492211838
0 0.7824466984061271 0.7607476635514019 0.046574208238459945 0.04330218068535826
0 0.7838956737735459 0.72803738317757 0.04636721175740013 0.04205607476635514
0 0.7841026702546057 0.6919003115264798 0.047609190643759056 0.04423676012461059
0 0.7857586421030842 0.6576323987538941 0.04678120471951977 0.04361370716510903
0 0.8317118608983647 0.6573208722741433 0.04077830676878493 0.03582554517133956
0 0.8306768784930656 0.6850467289719626 0.04160629269302422 0.04361370716510903
0 0.8300558890498861 0.7214953271028037 0.04057131028772511 0.04361370716510903
0 0.829020906644587 0.756386292834891 0.04057131028772511 0.0470404984423676
0 0.8689712274891327 0.7526479750778816 0.03456841233699027 0.04454828660436137
0 0.8700062098944318 0.7177570093457943 0.03643138066652867 0.04361370716510903
0 0.8712481887807907 0.6813084112149532 0.03808735251500724 0.04454828660436137
0 0.8722831711860899 0.6523364485981309 0.039122334920306354 0.0367601246105919
0 0.9014696750155248 0.7685358255451713 0.04202028565514386 0.03177570093457944
0 0.9033326433450631 0.7485981308411215 0.04160629269302422 0.0308411214953271
0 0.9054026081556613 0.7292834890965733 0.04057131028772511 0.030218068535825544
0 0.9068515835230802 0.708411214953271 0.04077830676878493 0.029595015576323987
0 0.9087145518526185 0.6884735202492211 0.04036431380666529 0.02897196261682243
0 0.9101635272200372 0.6682242990654206 0.04036431380666529 0.02866043613707165
0 0.911612502587456 0.6532710280373831 0.039950320844545646 0.022118380062305296
0 0.9509418339888221 0.6532710280373831 0.0376733595528876 0.023052959501557634
0 0.9503208445456427 0.6697819314641744 0.03746636307182778 0.027414330218068536
0 0.948871869178224 0.6903426791277258 0.03725936659076796 0.027102803738317756
0 0.9474228938108052 0.7105919003115265 0.03746636307182778 0.027414330218068536
0 0.9461809149244463 0.7305295950155763 0.036845373628648315 0.028037383177570093
0 0.9445249430759677 0.7504672897196262 0.03725936659076796 0.028037383177570093
0 0.9428689712274891 0.7707165109034267 0.03725936659076796 0.028348909657320873
0 0.9801283378182571 0.7710280373831776 0.01987166218174291 0.027102803738317756
0 0.9817843096667357 0.7504672897196262 0.01800869385220451 0.027102803738317756
0 0.9832332850341544 0.7302180685358255 0.016559718484785758 0.0264797507788162
0 0.9850962533636928 0.7099688473520249 0.014696750155247362 0.026168224299065422
0 0.9859242392879322 0.6894080996884735 0.013868764231008072 0.024610591900311528
0 0.9873732146553509 0.6682242990654206 0.01241978886358932 0.02554517133956386
0 0.003518940178016974 0.8333333333333334 0.030842475677913476 0.038629283489096576
0 0.004760919064375905 0.8657320872274143 0.031463465121092944 0.03271028037383177
0 0.0068308838749741255 0.8925233644859814 0.029600496791554545 0.032398753894081
0 0.007037880356033948 0.9177570093457944 0.030635479196853655 0.03302180685358255
0 0.008279859242392879 0.9426791277258567 0.03042848271579383 0.03395638629283489
0 0.009107845166632168 0.9685358255451714 0.031049472158973298 0.03115264797507788
0 0.03974332436348582 0.9672897196261683 0.0329124404885117 0.032398753894081
0 0.03870834195818671 0.9433021806853582 0.032498447526392055 0.03520249221183801
0 0.036845373628648315 0.9174454828660437 0.03270544400745187 0.03520249221183801
0 0.03643138066652867 0.891588785046729 0.03167046160215276 0.03457943925233645
0 0.03498240529910992 0.8657320872274143 0.03167046160215276 0.03395638629283489
0 0.034154419374870626 0.8333333333333334 0.03539639826122956 0.03925233644859813
0 0.06665286690126268 0.8433021806853582 0.04388325398468226 0.048286604361370715
0 0.06768784930656178 0.8819314641744548 0.03932933140136618 0.03333333333333333
0 0.0687228317118609 0.9031152647975078 0.04036431380666529 0.03551401869158879
0 0.07037880356033947 0.9271028037383178 0.039536327882425996 0.03489096573208723
0 0.07182777892775823 0.9495327102803738 0.03932933140136618 0.03551401869158879
0 0.07369074725729663 0.9725856697819315 0.039122334920306354 0.027102803738317756
0 0.10556820534050922 0.8429906542056075 0.043262264541502796 0.05046728971962617
0 0.10701718070792797 0.8813084112149533 0.04284827157938315 0.03551401869158879
0 0.10846615607534672 0.9034267912772586 0.04202028565514386 0.03613707165109034
0 0.11032912440488511 0.9264797507788162 0.041192299730904575 0.03582554517133956
0 0.11157110329124405 0.9485981308411215 0.04160629269302422 0.0367601246105919
0 0.1130200786586628 0.9707165109034268 0.041192299730904575 0.02897196261682243
0 0.1554543572759263 0.9825545171339564 0.038501345477126886 0.017133956386292833
0 0.15297039950320845 0.949221183800623 0.038915338439246536 0.04361370716510903
0 0.15172842061684952 0.9161993769470405 0.038915338439246536 0.04330218068535826
0 0.14986545228731113 0.8825545171339564 0.039122334920306354 0.04330218068535826
0 0.14820948043883253 0.8373831775700935 0.041192299730904575 0.05389408099688474
0 0.1873318153591389 0.8358255451713396 0.04264127509832333 0.05669781931464175
0 0.18898778720761747 0.8850467289719626 0.038501345477126886 0.04205607476635514
0 0.19064375905609604 0.9186915887850468 0.038915338439246536 0.04205607476635514
0 0.19271372386669428 0.9523364485981308 0.037880356033947425 0.0426791277258567
0 0.23204305526806043 0.9757009345794393 0.039122334920306354 0.023987538940809967
0 0.23059407990064168 0.9510903426791277 0.03974332436348582 0.03551401869158879
0 0.2295590974953426 0.9277258566978193 0.039122334920306354 0.03426791277258567
0 0.22852411509004347 0.9049844236760125 0.039536327882425996 0.03333333333333333
0 0.22666114676050508 0.8651090342679127 0.0413992962119644 0.04984423676012461
0 0.2717863796315463 0.97601246105919 0.038915338439246536 0.02367601246105919
0 0.2703374042641275 0.9532710280373832 0.03974332436348582 0.03426791277258567
0 0.2693024218588284 0.9289719626168225 0.039950320844545646 0.03520249221183801
0 0.26826743945352927 0.9068535825545171 0.039950320844545646 0.03426791277258567
0 0.26681846408611054 0.8657320872274143 0.041192299730904575 0.0514018691588785
0 0.3113227075139723 0.9728971962616823 0.03187745808321259 0.02679127725856698
0 0.31028772510867314 0.9479750778816199 0.032498447526392055 0.03613707165109034
0 0.3098737321465535 0.92398753894081 0.03229145104533223 0.03520249221183801
0 0.3086317532601946 0.8975077881619937 0.03270544400745187 0.03613707165109034
0 0.30780376733595527 0.8728971962616823 0.0329124404885117 0.0367601246105919
0 0.3067687849306562 0.8361370716510903 0.03353342993169116 0.047975077881619935
0 0.34009521838128753 0.8358255451713396 0.03270544400745187 0.04548286604361371
0 0.34050921134340717 0.8719626168224299 0.03332643345063134 0.03489096573208723
0 0.34133719726764644 0.8987538940809969 0.032498447526392055 0.03333333333333333
0 0.3421651831918857 0.9214953271028037 0.03229145104533223 0.03613707165109034
0 0.34299316911612504 0.946417445482866 0.03167046160215276 0.03644859813084112
0 0.34299316911612504 0.9710280373831776 0.03229145104533223 0.02866043613707165
0 0.37507762368039743 0.9722741433021806 0.040157317325605464 0.027414330218068536
0 0.37507762368039743 0.9482866043613707 0.040157317325605464 0.037694704049844235
0 0.37424963775615816 0.9258566978193147 0.040157317325605464 0.0367601246105919
0 0.3736286483129787 0.9046728971962616 0.04036431380666529 0.03457943925233645
0 0.3730076588697992 0.8806853582554517 0.04057131028772511 0.03551401869158879
0 0.3730076588697992 0.8417445482866044 0.04077830676878493 0.0514018691588785
0 0.4133719726764645 0.8404984423676013 0.04098530324984475 0.049221183800623056
0 0.41357896915752435 0.8785046728971962 0.04077830676878493 0.03551401869158879
0 0.4144069550817636 0.9031152647975078 0.040157317325605464 0.03426791277258567
0 0.41461395156282344 0.9261682242990654 0.040157317325605464 0.03426791277258567
0 0.4156489339681225 0.9495327102803738 0.039122334920306354 0.03457943925233645
0 0.4154419374870627 0.9722741433021806 0.039536327882425996 0.027414330218068536
0 0.45539225833160835 0.9498442367601246 0.039536327882425996 0.04641744548286604
0 0.4547712688884289 0.9174454828660437 0.040157317325605464 0.045171339563862926
0 0.45435727592630926 0.8838006230529595 0.039950320844545646 0.045171339563862926
0 0.45352929000207 0.8376947040498443 0.04098530324984475 0.05700934579439252
0 0.4943075967708549 0.8358255451713396 0.04077830676878493 0.05669781931464175
0 0.49472158973297453 0.881619937694704 0.039950320844545646 0.04548286604361371
0 0.4945145932519147 0.9174454828660437 0.04036431380666529 0.04454828660436137
0 0.49513558269509417 0.9495327102803738 0.039950320844545646 0.04610591900311527
0 0.5346719105775202 0.8358255451713396 0.04077830676878493 0.056386292834890966
0 0.5346719105775202 0.8797507788161993 0.04057131028772511 0.04610591900311527
0 0.5350859035396398 0.914018691588785 0.03974332436348582 0.04610591900311527
0 0.5350859035396398 0.946417445482866 0.03974332436348582 0.04672897196261682
0 0.5752432208652453 0.864797507788162 0.04077830676878493 0.06105919003115265
0 0.5752432208652453 0.9133956386292835 0.040157317325605464 0.04641744548286604
0 0.5752432208652453 0.9473520249221183 0.03974332436348582 0.04610591900311527
0 0.6154005381908507 0.9448598130841122 0.039536327882425996 0.04672897196261682
0 0.6151935417097909 0.9115264797507788 0.04057131028772511 0.04672897196261682
0 0.6154005381908507 0.8757009345794392 0.04057131028772511 0.047975077881619935
0 0.6149865452287311 0.8348909657320872 0.0413992962119644 0.05451713395638629
0 0.6559718484785758 0.8345794392523365 0.041192299730904575 0.0529595015576324
0 0.6561788449596356 0.8766355140186916 0.040157317325605464 0.04579439252336449
0 0.6551438625543365 0.9099688473520249 0.04057131028772511 0.04610591900311527
0 0.6549368660732767 0.942367601246106 0.04057131028772511 0.04735202492211838
0 0.6549368660732767 0.974766355140187 0.03974332436348582 0.024922118380062305
0 0.6963361622852412 0.8330218068535825 0.04181328917408404 0.055763239875389406
0 0.696543158766301 0.8763239875389408 0.04098530324984475 0.0470404984423676
0 0.6963361622852412 0.9112149532710281 0.040157317325605464 0.04641744548286604
0 0.6959221693231215 0.9436137071651091 0.04036431380666529 0.04766355140186916
0 0.6946801904367625 0.9775700934579439 0.04057131028772511 0.022118380062305296
0 0.7352515007244876 0.9753894080996884 0.0461602152763403 0.024299065420560748
0 0.7356654936866073 0.9420560747663551 0.0461602152763403 0.0470404984423676
0 0.7364934796108467 0.9087227414330218 0.04595321879528048 0.04610591900311527
0 0.7371144690540261 0.874766355140187 0.04636721175740013 0.04579439252336449
0 0.7340095218381287 0.832398753894081 0.05009314841647692 0.0529595015576324
0 0.7809977230387083 0.9722741433021806 0.045539225833160835 0.027414330218068536
0 0.781411716000828 0.9386292834890966 0.0461602152763403 0.04641744548286604
0 0.7818257089629477 0.9046728971962616 0.04678120471951977 0.04641744548286604
0 0.7828606913682468 0.870404984423676 0.04636721175740013 0.04641744548286604
0 0.781411716000828 0.8317757009345794 0.049265162492237634 0.04984423676012461
0 0.8288139101635272 0.8292834890965732 0.05009314841647692 0.05077881619937695
0 0.826743945352929 0.9697819314641745 0.04636721175740013 0.029906542056074768
0 0.8273649347961085 0.9348909657320872 0.04698820120057959 0.04766355140186916
0 0.8281929207203478 0.9018691588785047 0.047609190643759056 0.0470404984423676
0 0.8294348996067067 0.8669781931464174 0.04719519768163941 0.04766355140186916
0 0.8737321465535086 0.9601246105919004 0.04264127509832333 0.03956386292834891
0 0.8751811219209273 0.92398753894081 0.04305526806044297 0.05451713395638629
0 0.8768370937694059 0.8872274143302181 0.04491823638998137 0.05545171339563863
0 0.879114055061064 0.8448598130841122 0.0461602152763403 0.06074766355140187
0 0.9140964603601739 0.9638629283489096 0.03601738770440902 0.03582554517133956
0 0.9172014075760712 0.9277258566978193 0.03601738770440902 0.04579439252336449
0 0.9198923618298489 0.8922118380062305 0.035810391223349204 0.04454828660436137
0 0.915131442765473 0.8401869158878504 0.04409025046574208 0.06105919003115265
0 0.9548747671289588 0.8426791277258567 0.04491823638998137 0.0616822429906542
0 0.9540467812047195 0.8906542056074767 0.04305526806044297 0.04984423676012461
0 0.9513558269509418 0.9261682242990654 0.0424342786172635 0.04953271028037383
0 0.9484578762161043 0.9616822429906542 0.042227282136203685 0.038006230529595016
0 0.14820948043883253 0.8373831775700935 0.041192299730904575 0.05545171339563863
0 0.16228524115090043 0.7632398753894081 0.02297660939764024 0.010903426791277258
