0 0.14095583787053842 0.025664251207729468 0.041540633192175845 0.05464975845410628
0 0.18733615648316193 0.0232487922705314 0.05303488606573906 0.057065217391304345
0 0.2798951401492236 0.020833333333333332 0.028231498285944748 0.05676328502415459
0 0.35107884654164145 0.018115942028985508 0.029844726759427304 0.057065217391304345
0 0.44867916918733614 0.018115942028985508 0.029844726759427304 0.059480676328502416
0 0.5478927203065134 0.018115942028985508 0.028231498285944748 0.057065217391304345
0 0.6406533575317604 0.01570048309178744 0.02802984472675943 0.06189613526570048
0 0.729985884250857 0.020833333333333332 0.03125630167372454 0.059480676328502416
0 0.8060092760637225 0.018417874396135264 0.029643073200241985 0.06431159420289854
0 0.8588425085702762 0.0232487922705314 0.03165960879209518 0.06431159420289854
0 0.9136922766686832 0.0232487922705314 0.03307118370639242 0.06189613526570048
0 0.9764065335753176 0.030797101449275364 0.023190159306311756 0.059178743961352656
0 0.17906836055656383 0.4221014492753623 0.056261343012704176 0.06189613526570048
0 0.32627545876184716 0.41696859903381644 0.05948779995966929 0.06702898550724638
0 0.4254890098810244 0.41938405797101447 0.05303488606573906 0.0646135265700483
0 0.4785238959467635 0.4221014492753623 0.04456543657995564 0.059178743961352656
0 0.5579753982657794 0.41938405797101447 0.06110102843315184 0.0646135265700483
0 0.680177455132083 0.41938405797101447 0.05807622504537205 0.06702898550724638
0 0.7531760435571688 0.4221014492753623 0.05787457148618673 0.06189613526570048
0 0.9052228271828998 0.4245169082125604 0.029844726759427304 0.06189613526570048
0 0.1724137931034483 0.2041062801932367 0.03307118370639242 0.06914251207729469
0 0.26678765880217786 0.20893719806763286 0.029844726759427304 0.059480676328502416
0 0.36257309941520466 0.2041062801932367 0.03165960879209518 0.06431159420289854
0 0.4420246017342206 0.2041062801932367 0.03307118370639242 0.06189613526570048
0 0.5099818511796733 0.2041062801932367 0.03145795523290986 0.06431159420289854
0 0.5761242185924581 0.20652173913043478 0.029844726759427304 0.06189613526570048
0 0.6356120185521275 0.20652173913043478 0.03307118370639242 0.059480676328502416
0 0.7084089534180278 0.20893719806763286 0.028231498285944748 0.057065217391304345
0 0.7662835249042146 0.2041062801932367 0.03145795523290986 0.06672705314009662
0 0.8259729784230692 0.20652173913043478 0.034684412179874974 0.06189613526570048
0 0.9185319620891309 0.2113526570048309 0.06110102843315184 0.059480676328502416
0 0.09134906231094979 0.7167874396135265 0.056261343012704176 0.06189613526570048
0 0.15265174430328696 0.7167874396135265 0.051220004033071184 0.06431159420289854
0 0.21718088324258925 0.7192028985507246 0.02641661625327687 0.06189613526570048
0 0.2550917523694293 0.7192028985507246 0.029844726759427304 0.06431159420289854
0 0.29663238556160515 0.7192028985507246 0.06110102843315184 0.06944444444444445
0 0.35934664246823955 0.7240338164251208 0.054648114539221616 0.0646135265700483
0 0.41238152853397864 0.7267512077294686 0.029844726759427304 0.06189613526570048
0 0.4420246017342206 0.7267512077294686 0.04476709013914096 0.06159420289855073
0 0.4934462593264771 0.7216183574879227 0.05948779995966929 0.06702898550724638
0 0.5860052429925389 0.7192028985507246 0.06291591046581972 0.06672705314009662
0 0.6505343819318411 0.7216183574879227 0.056261343012704176 0.06431159420289854
0 0.7449082476305707 0.7240338164251208 0.036297640653357534 0.06189613526570048
0 0.8324258923169994 0.7192028985507246 0.03145795523290986 0.059480676328502416
0 0.8705384150030248 0.7192028985507246 0.029844726759427304 0.06189613526570048
0 0.964710627142569 0.7192028985507246 0.03327283726557774 0.06189613526570048
0 0.9102641661625328 0.7192028985507246 0.051220004033071184 0.059480676328502416
0 0.002016535591853196 0.09269323671497584 0.04799354708610607 0.059178743961352656
0 0.01532567049808429 0.3626207729468599 0.02802984472675943 0.06431159420289854
0 0.01532567049808429 0.642512077294686 0.05787457148618673 0.06672705314009662
0 0.0102843315184513 0.005736714975845411 0.04133897963299052 0.0893719806763285
0 0.05162331115144182 0.005736714975845411 0.02661826981246219 0.08695652173913043
0 0.11796733212341198 0.12711352657004832 0.049606775559588624 0.14130434782608695
0 0.16414599717685016 0.12469806763285024 0.04295220810647308 0.08423913043478261
0 0.20891308731599112 0.12228260869565218 0.04779189352692075 0.14371980676328502
0 0.25529340592861466 0.12228260869565218 0.049606775559588624 0.08182367149758454
0 0.30490018148820325 0.11986714975845411 0.04295220810647308 0.11382850241545894
0 0.3494656180681589 0.12469806763285024 0.008267795926598105 0.1089975845410628
0 0.35934664246823955 0.12711352657004832 0.038112522686025406 0.0769927536231884
0 0.39907239362774755 0.11986714975845411 0.03307118370639242 0.11624396135265701
0 0.43214357733413994 0.12228260869565218 0.03145795523290986 0.1089975845410628
0 0.46682798951401494 0.12228260869565218 0.03145795523290986 0.1089975845410628
0 0.49989917322040733 0.12469806763285024 0.03488606573906029 0.11141304347826086
0 0.5363984674329502 0.12228260869565218 0.029844726759427304 0.11382850241545894
0 0.5662431941923775 0.12228260869565218 0.03145795523290986 0.11171497584541062
0 0.6025408348457351 0.12469806763285024 0.029844726759427304 0.08423913043478261
0 0.6339987900786449 0.12469806763285024 0.03145795523290986 0.0769927536231884
0 0.6686832022585198 0.12469806763285024 0.03145795523290986 0.08182367149758454
0 0.7017543859649122 0.12983091787439613 0.028231498285944748 0.07669082125603864
0 0.7332123411978222 0.12711352657004832 0.029844726759427304 0.07940821256038648
0 0.7630570679572495 0.12983091787439613 0.029643073200241985 0.07669082125603864
0 0.8771929824561403 0.13707729468599034 0.03952409760032265 0.09903381642512077
0 0.8590441621294616 0.13979468599033817 0.014922363379713652 0.09148550724637682
0 0.7977414801371244 0.14221014492753623 0.05787457148618673 0.06672705314009662
0 0.9185319620891309 0.12983091787439613 0.029844726759427304 0.08393719806763285
0 0.9532163742690059 0.12711352657004832 0.02661826981246219 0.09178743961352658
0 0.9796329905222827 0.1322463768115942 0.018350473885864086 0.07910628019323672
0 0.10627142569066345 0.31068840579710144 0.028231498285944748 0.1708937198067633
0 0.13450292397660818 0.3131038647342995 0.029643073200241985 0.16334541062801933
0 0.16414599717685016 0.3079710144927536 0.028231498285944748 0.1089975845410628
0 0.19560395240976003 0.3079710144927536 0.025005041338979635 0.10628019323671498
0 0.2238354506957048 0.3079710144927536 0.02802984472675943 0.11141304347826086
0 0.2534785238959468 0.3055555555555556 0.029844726759427304 0.11382850241545894
0 0.2817100221818915 0.3055555555555556 0.034684412179874974 0.11382850241545894
0 0.3196208913087316 0.3378623188405797 0.03307118370639242 0.08423913043478261
0 0.352692075015124 0.3351449275362319 0.03327283726557774 0.08695652173913043
0 0.3875781407541843 0.33544685990338163 0.034684412179874974 0.12620772946859904
0 0.42064932446057673 0.3031400966183575 0.04133897963299052 0.11141304347826086
0 0.4619883040935672 0.3007246376811594 0.04295220810647308 0.11382850241545894
0 0.5049405122000403 0.3402777777777778 0.03649929421254285 0.07427536231884058
0 0.5414398064125832 0.3402777777777778 0.034684412179874974 0.08152173913043478
0 0.5761242185924581 0.3451086956521739 0.034684412179874974 0.07427536231884058
0 0.6091954022988506 0.357487922705314 0.03307118370639242 0.09178743961352658
0 0.6390401290582779 0.35507246376811596 0.03125630167372454 0.09903381642512077
0 0.6686832022585198 0.357487922705314 0.03145795523290986 0.09420289855072464
0 0.6969147005444646 0.357487922705314 0.03791086912684009 0.059480676328502416
0 0.7315991127243396 0.3303140096618358 0.039725751159507966 0.09178743961352658
0 0.8209316394434362 0.3402777777777778 0.04133897963299052 0.11382850241545894
0 0.8638838475499092 0.3378623188405797 0.03145795523290986 0.11382850241545894
0 0.8953418027828192 0.3402777777777778 0.028231498285944748 0.11382850241545894
0 0.9233716475095786 0.3303140096618358 0.03649929421254285 0.1213768115942029
0 0.9566444847751563 0.3351449275362319 0.029643073200241985 0.11624396135265701
0 0.9879007864488808 0.3351449275362319 0.011897559991933858 0.11382850241545894
0 0.7513611615245009 0.3203502415458937 0.11090945755192579 0.13134057971014493
0 0.09639040129058278 0.5135869565217391 0.049606775559588624 0.20320048309178743
0 0.14095583787053842 0.5135869565217391 0.054648114539221616 0.20320048309178743
0 0.18572292800967938 0.5332125603864735 0.056261343012704176 0.18357487922705315
0 0.2385561605162331 0.5310990338164251 0.04980842911877394 0.1905193236714976
0 0.2849364791288566 0.5335144927536232 0.051220004033071184 0.18568840579710144
0 0.30812663843516835 0.4963768115942029 0.036297640653357534 0.03955314009661836
0 0.2633595482960274 0.4963768115942029 0.041540633192175845 0.03713768115942029
0 0.2137527727364388 0.4936594202898551 0.04638031861262351 0.03985507246376811
0 0.33454325468844526 0.5631038647342995 0.04799354708610607 0.15609903381642512
0 0.38092357330106874 0.5631038647342995 0.04799354708610607 0.16092995169082125
0 0.42891712038717483 0.5631038647342995 0.051220004033071184 0.15609903381642512
0 0.4767090139140956 0.508756038647343 0.04980842911877394 0.2128623188405797
0 0.5230893325267191 0.5063405797101449 0.049606775559588624 0.21769323671497584
0 0.5694696511393426 0.5111714975845411 0.051220004033071184 0.21557971014492755
0 0.6174631982254487 0.518719806763285 0.036297640653357534 0.1956521739130435
0 0.6604154063319218 0.5160024154589372 0.06614236741278484 0.22795893719806765
0 0.34785238959467635 0.4963768115942029 0.03952409760032265 0.059480676328502416
0 0.3841500302480339 0.4963768115942029 0.0431538616656584 0.06431159420289854
0 0.4254890098810244 0.4936594202898551 0.049606775559588624 0.06189613526570048
0 0.7779794313369631 0.5063405797101449 0.06110102843315184 0.22282608695652173
0 0.7233313167977414 0.6002415458937198 0.04456543657995564 0.1461352657004831
0 0.8342407743496673 0.5111714975845411 0.10082677959265982 0.2056159420289855
0 0.9300262149626941 0.5283816425120773 0.06130268199233716 0.19082125603864733
0 0.9864892115345836 0.5383454106280193 0.013309134906231096 0.1808574879227053
0 0.729985884250857 0.4936594202898551 0.04456543657995564 0.11896135265700483
0 0.002016535591853196 0.18931159420289856 0.03488606573906029 0.20320048309178743
0 0.028634805404315386 0.18931159420289856 0.019762048800161323 0.044384057971014496
0 0.038515829804396044 0.18659420289855072 0.029643073200241985 0.2056159420289855
0 0.3742690058479532 0.7934782608695652 0.05948779995966929 0.20621980676328502
0 0.3065134099616858 0.7934782608695652 0.07602339181286549 0.20320048309178743
0 0.4273038919136923 0.7910628019323671 0.05948779995966929 0.13858695652173914
0 0.47509578544061304 0.7910628019323671 0.0677555958862674 0.14673913043478262
0 0.5396249243799153 0.8728864734299517 0.08106473079249849 0.12620772946859904
0 0.6620286348054043 0.788647342995169 0.04980842911877394 0.1089975845410628
0 0.7100221818915103 0.788647342995169 0.17543859649122806 0.15579710144927536
0 0.00040330711837063924 0.47644927536231885 0.01653559185319621 0.19806763285024154
0 0.013712442024601734 0.491243961352657 0.03307118370639242 0.16092995169082125
0 0.05001008267795927 0.501207729468599 0.04133897963299052 0.17602657004830918
0 0.00040330711837063924 0.43176328502415456 0.054648114539221616 0.059480676328502416
0 0.19903206291591047 0.7835144927536232 0.04456543657995564 0.1213768115942029
0 0.18068158903004639 0.8233695652173914 0.04638031861262351 0.14341787439613526
0 0.00040330711837063924 0.7859299516908212 0.20185521274450494 0.2107487922705314
0 0.002016535591853196 0.7143719806763285 0.07622504537205081 0.28230676328502413
0 0.19903206291591047 0.9124396135265701 0.10586811857229281 0.08725845410628019
0 0.24682395644283123 0.8058574879227053 0.056261343012704176 0.07427536231884058
0 0.8241580963904013 0.7835144927536232 0.05787457148618673 0.08182367149758454
0 0.8806210929622907 0.7859299516908212 0.07441016333938294 0.11654589371980677
0 0.10304496874369833 0.0009057971014492754 0.04133897963299052 0.02717391304347826
0 0.14438394837668886 0.0009057971014492754 0.04133897963299052 0.024758454106280192
0 0.18733615648316193 0.0 0.05303488606573906 0.0232487922705314
0 0.2385561605162331 0.0 0.04133897963299052 0.0232487922705314
0 0.2798951401492236 0.0009057971014492754 0.03488606573906029 0.024758454106280192
0 0.32304900181488205 0.0009057971014492754 0.029643073200241985 0.049516908212560384
0 0.35107884654164145 0.0 0.034684412179874974 0.018115942028985508
0 0.8606573906029441 0.0 0.029643073200241985 0.06038647342995169
0 0.8275862068965517 0.0009057971014492754 0.02802984472675943 0.057065217391304345
0 0.8903004638031862 0.0009057971014492754 0.029844726759427304 0.059480676328502416
0 0.9201451905626135 0.0 0.03145795523290986 0.06793478260869565
0 0.9516031457955233 0.003321256038647343 0.019762048800161323 0.06189613526570048
0 0.9731800766283525 0.0009057971014492754 0.024803387779794312 0.02717391304347826
0 0.7945150231901593 0.0009057971014492754 0.02802984472675943 0.057065217391304345
0 0.7614438394837669 0.003321256038647343 0.03125630167372454 0.05464975845410628
0 0.7283726557773744 0.003321256038647343 0.03125630167372454 0.017512077294685992
0 0.6934865900383141 0.0009057971014492754 0.03649929421254285 0.051932367149758456
0 0.6670699737850373 0.003321256038647343 0.02641661625327687 0.049516908212560384
0 0.6289574510990119 0.0009057971014492754 0.038112522686025406 0.014794685990338164
0 0.5910465819721719 0.0009057971014492754 0.039725751159507966 0.017210144927536232
0 0.5529340592861464 0.0009057971014492754 0.036297640653357534 0.014794685990338164
0 0.5214761040532365 0.0009057971014492754 0.03145795523290986 0.017210144927536232
0 0.38576325872151646 0.0009057971014492754 0.0514216575922565 0.017210144927536232
0 0.2673926194797338 0.2056159420289855 0.028433151845130067 0.059782608695652176
0 0.4387981447872555 0.0009057971014492754 0.04638031861262351 0.017210144927536232
0 0.36358136721113127 0.20350241545893719 0.028836458963500705 0.06189613526570048
0 0.4817503528937286 0.0009057971014492754 0.03649929421254285 0.014794685990338164
0 0.17322040734018956 0.2086352657004831 0.027626537608388787 0.057065217391304345
0 0.4305303488606574 0.9320652173913043 0.06110102843315184 0.0646135265700483
0 0.4444444444444444 0.20440821256038647 0.028433151845130067 0.059782608695652176
0 0.4900181488203267 0.9396135265700483 0.06614236741278484 0.059480676328502416
0 0.5093768905021173 0.2028985507246377 0.030852994555353903 0.0625
0 0.6158499697519662 0.9296497584541062 0.06614236741278484 0.06944444444444445
0 0.5759225650332729 0.20531400966183574 0.029643073200241985 0.060084541062801936
0 0.6836055656382335 0.9495772946859904 0.05948779995966929 0.04710144927536232
0 0.6358136721113128 0.20440821256038647 0.03145795523290986 0.06129227053140097
0 0.7449082476305707 0.9471618357487923 0.05787457148618673 0.05253623188405797
0 0.11796733212341198 0.12741545893719808 0.043758822343214356 0.0821256038647343
0 0.7961282516636419 0.9396135265700483 0.0677555958862674 0.060084541062801936
0 0.16273442226255294 0.12741545893719808 0.04275055454728776 0.07820048309178744
0 0.8590441621294616 0.9444444444444444 0.06432748538011696 0.05464975845410628
0 0.20709820528332326 0.12318840579710146 0.04275055454728776 0.08363526570048309
0 0.9102641661625328 0.9420289855072463 0.06936882435974995 0.057065217391304345
0 0.2573099415204678 0.1213768115942029 0.043557168784029036 0.08816425120772947
0 0.9681387376487195 0.9420289855072463 0.03145795523290986 0.057065217391304345
0 0.3024803387779794 0.1213768115942029 0.043758822343214356 0.09601449275362318
0 0.8788062109296229 0.8876811594202898 0.11090945755192579 0.049516908212560384
0 0.35511191772534784 0.11141304347826086 0.03891913692276669 0.1126207729468599
0 0.05989110707803993 0.9544082125603864 0.056261343012704176 0.04468599033816425
0 0.4006856221012301 0.12107487922705314 0.03206291591046582 0.11231884057971014
0 0.08650937689050212 0.892512077294686 0.0544464609800363 0.10718599033816426
0 0.4325468844525106 0.12198067632850242 0.03327283726557774 0.1105072463768116
0 0.107884654164146 0.8454106280193237 0.05303488606573906 0.151268115942029
0 0.4652147610405324 0.12228260869565218 0.034079451502319016 0.10718599033816426
0 0.13268804194394032 0.8106884057971014 0.04476709013914096 0.1736111111111111
0 0.49788263762855417 0.12530193236714976 0.03549102641661625 0.10809178743961352
