0 0.6877042483660131 0.3803875049426651 0.03370098039215686 0.14630288651640966
0 0.6540032679738562 0.37959667852906287 0.03308823529411765 0.14748912613681298
0 0.6205065359477124 0.37959667852906287 0.03329248366013072 0.14709371293001186
0 0.5866013071895425 0.37801502570185846 0.03308823529411765 0.1486753657572163
0 0.7930964052287581 0.5488335310399367 0.028799019607843136 0.13562672993277974
0 0.7636846405228758 0.549624357453539 0.02798202614379085 0.13562672993277974
0 0.7336601307189542 0.553183076314749 0.0298202614379085 0.132858837485172
0 0.4699754901960784 0.5527876631079478 0.023080065359477125 0.13364966389877422
0 0.44505718954248363 0.5539739027283511 0.024918300653594773 0.1368129695531831
0 0.42177287581699346 0.5539739027283511 0.023284313725490197 0.13602214313958086
0 0.795547385620915 0.7069988137603797 0.03002450980392157 0.1368129695531831
0 0.7659313725490197 0.7077896401739818 0.028594771241830064 0.13641755634638197
0 0.6446078431372549 0.7113483590351918 0.028390522875816993 0.13602214313958086
0 0.6149918300653595 0.712139185448794 0.02900326797385621 0.13562672993277974
0 0.5845588235294118 0.7125345986555951 0.02920751633986928 0.13483590351917754
0 0.553921568627451 0.712139185448794 0.030433006535947712 0.13602214313958086
0 0.4227941176470588 0.712139185448794 0.024101307189542485 0.1383946223803875
0 0.39767156862745096 0.7129300118623962 0.02389705882352941 0.13720838275998418
0 0.1656454248366013 0.7220245156188216 0.023284313725490197 0.12455516014234876
0 0.9513888888888888 0.9027283511269276 0.032883986928104576 0.09608540925266904
0 0.9166666666666666 0.9031237643337288 0.032066993464052285 0.09568999604586793
0 0.8829656862745098 0.907868722815342 0.03104575163398693 0.09094503756425465
0 0.8506944444444444 0.907868722815342 0.03104575163398693 0.09054962435745353
0 0.8180147058823529 0.9082641360221432 0.03227124183006536 0.09015421115065243
0 0.7845179738562091 0.9098457888493475 0.03022875816993464 0.088572558323448
0 0.7508169934640523 0.911427441676552 0.03165849673202614 0.08699090549624358
0 0.7173202614379085 0.9134045077105575 0.031862745098039214 0.08540925266903915
0 0.6683006535947712 0.911427441676552 0.04881535947712418 0.08620007908264136
0 0.6196895424836601 0.9134045077105575 0.04820261437908497 0.08501383946223803
0 0.5727124183006536 0.9019375247133254 0.0457516339869281 0.09648082245947015
0 0.5243055555555556 0.9023329379201266 0.04820261437908497 0.09648082245947015
0 0.5002042483660131 0.9141953341241598 0.02389705882352941 0.08540925266903915
0 0.4742647058823529 0.9141953341241598 0.025122549019607844 0.08461842625543693
0 0.44812091503267976 0.9134045077105575 0.025735294117647058 0.08580466587584025
0 0.42177287581699346 0.9134045077105575 0.026348039215686275 0.08540925266903915
0 0.3952205882352941 0.9149861605377619 0.025939542483660132 0.08382759984183472
0 0.37254901960784315 0.9082641360221432 0.02369281045751634 0.09094503756425465
0 0.34824346405228757 0.9177540529853697 0.02389705882352941 0.08105970739422697
0 0.3212826797385621 0.9035191775405299 0.025939542483660132 0.09568999604586793
0 0.29391339869281047 0.9165678133649664 0.026348039215686275 0.08224594701463028
0 0.2647058823529412 0.9197311190193752 0.028186274509803922 0.07868722815342033
0 0.2440767973856209 0.9118228548833531 0.024918300653594773 0.08620007908264136
0 0.21997549019607843 0.9122182680901542 0.024101307189542485 0.08580466587584025
0 0.1948529411764706 0.9110320284697508 0.0247140522875817 0.08738631870304468
0 0.1715686274509804 0.9110320284697508 0.02287581699346405 0.08699090549624358
0 0.13827614379084968 0.9161724001581653 0.028799019607843136 0.08382759984183472
0 0.1133578431372549 0.9165678133649664 0.024509803921568627 0.0830367734282325
0 0.07700163398692811 0.9019375247133254 0.034926470588235295 0.09450375642546462
0 0.039419934640522875 0.9007512850929221 0.03615196078431373 0.09648082245947015
0 0.003676470588235294 0.8999604586793198 0.03553921568627451 0.09845788849347568
0 0.056576797385620915 0.7943851324634242 0.03615196078431373 0.09529458283906682
0 0.13398692810457516 0.7734282325029656 0.03002450980392157 0.05852115460656386
0 0.13562091503267973 0.7002767892447608 0.028186274509803922 0.06801107156979043
0 0.09967320261437909 0.6986951364175563 0.034109477124183 0.0711743772241993
0 0.099468954248366 0.7698695136417556 0.03308823529411765 0.06524317912218268
0 0.06719771241830065 0.7568208778173191 0.03370098039215686 0.0771055753262159
0 0.032679738562091505 0.7603795966785291 0.03308823529411765 0.07354685646500593
0 0.032679738562091505 0.6824831949387109 0.03349673202614379 0.07671016211941478
0 0.0002042483660130719 0.6805061289047054 0.03125 0.08185053380782918
0 0.0 0.7607750098853302 0.031862745098039214 0.07275603005140371
0 0.3415032679738562 0.5729537366548043 0.029411764705882353 0.02965599051008304
0 0.3415032679738562 0.6026097271648873 0.03002450980392157 0.03202846975088968
0 0.340890522875817 0.6378015025701859 0.029616013071895424 0.02649268485567418
0 0.3423202614379085 0.6666666666666666 0.028594771241830064 0.024120205614867538
0 0.3082107843137255 0.575721629102412 0.03022875816993464 0.031237643337287464
0 0.31147875816993464 0.6045867931988929 0.02900326797385621 0.03084223013048636
0 0.31147875816993464 0.6358244365361803 0.028390522875816993 0.028469750889679714
0 0.31209150326797386 0.6666666666666666 0.028799019607843136 0.022933965994464216
0 0.278390522875817 0.5512060102807433 0.027777777777777776 0.02609727164887307
0 0.27818627450980393 0.5780941083432186 0.028799019607843136 0.02926057730328193
0 0.48427287581699346 0.4942665085013839 0.032883986928104576 0.03479636219849743
0 0.4499591503267974 0.4499802293396599 0.032883986928104576 0.04310003954132068
0 0.4499591503267974 0.49466192170818507 0.03349673202614379 0.03440094899169632
0 0.4195261437908497 0.45077105575326215 0.03002450980392157 0.04151838671411625
0 0.41891339869281047 0.4930802688809806 0.030637254901960783 0.03637801502570186
0 0.38643790849673204 0.4523527085804666 0.03227124183006536 0.04112297350731514
0 0.38562091503267976 0.49387109529458284 0.032679738562091505 0.03519177540529854
0 0.37030228758169936 0.4234875444839858 0.015522875816993464 0.03440094899169632
0 0.3707107843137255 0.46184262554369315 0.014297385620915032 0.03440094899169632
0 0.3707107843137255 0.4986160537761961 0.013480392156862746 0.031237643337287464
0 0.3506944444444444 0.42427837089758796 0.015522875816993464 0.03479636219849743
0 0.352124183006536 0.4626334519572954 0.013276143790849673 0.0328192961644919
0 0.3519199346405229 0.5001977066034006 0.015318627450980392 0.02965599051008304
0 0.33169934640522875 0.4238829576907869 0.014501633986928105 0.03519177540529854
0 0.3335375816993464 0.46144721233689207 0.01491013071895425 0.03479636219849743
0 0.33435457516339867 0.49980229339659943 0.015318627450980392 0.02926057730328193
0 0.31638071895424835 0.49940688018979834 0.015318627450980392 0.02926057730328193
0 0.31556372549019607 0.46302886516409647 0.015522875816993464 0.0328192961644919
0 0.31413398692810457 0.4238829576907869 0.014297385620915032 0.03440094899169632
0 0.29677287581699346 0.4254646105179913 0.014501633986928105 0.0328192961644919
0 0.2986111111111111 0.4634242783708976 0.014705882352941176 0.03242388295769079
0 0.29963235294117646 0.49980229339659943 0.014501633986928105 0.028865164096480822
0 0.27941176470588236 0.4234875444839858 0.014297385620915032 0.03558718861209965
0 0.2804330065359477 0.46184262554369315 0.013684640522875817 0.034005535784895215
0 0.28104575163398693 0.5005931198102017 0.014093137254901961 0.028865164096480822
0 0.2638888888888889 0.5001977066034006 0.014297385620915032 0.028469750889679714
0 0.24509803921568626 0.49980229339659943 0.014297385620915032 0.028469750889679714
0 0.20772058823529413 0.4404903123764334 0.04105392156862745 0.030051403716884143
0 0.20118464052287582 0.4737050217477264 0.0392156862745098 0.0276789244760775
0 0.20383986928104575 0.5041518386714117 0.03880718954248366 0.024120205614867538
0 0.16156045751633988 0.4744958481613286 0.04003267973856209 0.027283511269276393
0 0.1627859477124183 0.5041518386714117 0.039419934640522875 0.02372479240806643
0 0.11642156862745098 0.5081059707394227 0.03390522875816993 0.019770660340055358
0 0.11744281045751634 0.4847765915381574 0.032679738562091505 0.021352313167259787
0 0.11683006535947713 0.4626334519572954 0.03349673202614379 0.020166073546856466
0 0.08415032679738563 0.4851720047449585 0.03002450980392157 0.022143139580862
0 0.08476307189542484 0.509292210359826 0.029616013071895424 0.018584420719652037
0 0.05004084967320262 0.46144721233689207 0.03165849673202614 0.022143139580862
0 0.05004084967320262 0.48438117833135624 0.031862745098039214 0.02372479240806643
0 0.3960375816993464 0.3044681692368525 0.013276143790849673 0.08066429418742586
0 0.4013480392156863 0.32977461447212336 0.0377859477124183 0.05614867536575722
0 0.34048202614379086 0.30486358244365364 0.024101307189542485 0.08659549228944247
0 0.31229575163398693 0.3040727560300514 0.027369281045751634 0.08738631870304468
0 0.2881944444444444 0.3032819296164492 0.02185457516339869 0.0826413602214314
0 0.2610294117647059 0.3040727560300514 0.023488562091503268 0.09054962435745353
0 0.2397875816993464 0.28944246737841045 0.016952614379084966 0.10636615262949782
0 0.18790849673202614 0.291419533412416 0.020833333333333332 0.10241202056148675
0 0.1323529411764706 0.38987742190589164 0.02144607843137255 0.03440094899169632
0 0.13214869281045752 0.35112692763938314 0.02165032679738562 0.03598260181890075
0 0.11070261437908496 0.35191775405298537 0.01940359477124183 0.03716884143930407
0 0.10988562091503268 0.3926453143534994 0.02022058823529412 0.031237643337287464
0 0.08496732026143791 0.35191775405298537 0.02042483660130719 0.036773428232502965
0 0.08598856209150327 0.39106366152629496 0.02185457516339869 0.0328192961644919
0 0.06413398692810457 0.35033610122578096 0.02022058823529412 0.03716884143930407
0 0.06413398692810457 0.38987742190589164 0.02062908496732026 0.03440094899169632
0 0.04003267973856209 0.39066824831949387 0.022263071895424837 0.03479636219849743
0 0.03982843137254902 0.34954527481217873 0.02267156862745098 0.03914590747330961
0 0.018586601307189542 0.34954527481217873 0.0196078431372549 0.04072756030051404
0 0.017565359477124183 0.3918544879398972 0.021037581699346407 0.0328192961644919
0 0.0 0.34954527481217873 0.015522875816993464 0.04072756030051404
0 0.0 0.3914590747330961 0.015931372549019607 0.03440094899169632
0 0.136437908496732 0.30051403716884145 0.025531045751633986 0.022538552787663108
0 0.1315359477124183 0.27283511269276395 0.027573529411764705 0.02609727164887307
0 0.10191993464052287 0.27441676551996835 0.027369281045751634 0.025701858442071967
0 0.10253267973856209 0.3028865164096481 0.026348039215686275 0.020166073546856466
0 0.06597222222222222 0.24476077500988533 0.032679738562091505 0.0276789244760775
0 0.07148692810457516 0.2748121787267695 0.027369281045751634 0.025701858442071967
0 0.07291666666666667 0.302491103202847 0.027369281045751634 0.020166073546856466
0 0.03880718954248366 0.30090945037564254 0.025326797385620915 0.022143139580862
0 0.008374183006535947 0.30209568999604586 0.026348039215686275 0.022143139580862
0 0.005923202614379085 0.27560300514037167 0.028594771241830064 0.024120205614867538
0 0.006740196078431373 0.24950573349149863 0.027777777777777776 0.02332937920126532
0 0.4622140522875817 0.19217081850533807 0.06004901960784314 0.039541320680110716
0 0.46282679738562094 0.14551206010280743 0.05923202614379085 0.04310003954132068
0 0.40236928104575165 0.14511664689600634 0.05943627450980392 0.04705417160933175
0 0.4013480392156863 0.1929616449189403 0.06025326797385621 0.039936733886911824
0 0.30044934640522875 0.17793594306049823 0.04840686274509804 0.055357848952155
0 0.2849264705882353 0.1981020166073547 0.014297385620915032 0.03637801502570186
0 0.3488562091503268 0.14551206010280743 0.04125816993464052 0.08778173190984578
0 0.26286764705882354 0.15776986951364175 0.0181781045751634 0.07631474891261368
0 0.24591503267973855 0.16291024120205616 0.016339869281045753 0.0715697904310004
0 0.22855392156862744 0.15935152234084618 0.015931372549019607 0.07512850929221036
0 0.2122140522875817 0.1597469355476473 0.015931372549019607 0.07433768287860815
0 0.19505718954248366 0.1605377619612495 0.015931372549019607 0.07394226967180703
0 0.17790032679738563 0.1609331751680506 0.015931372549019607 0.0719652036378015
0 0.16176470588235295 0.16172400158165282 0.015522875816993464 0.07275603005140371
0 0.13357843137254902 0.18979833926453143 0.02267156862745098 0.028865164096480822
0 0.13255718954248366 0.15342032423882956 0.02287581699346405 0.0328192961644919
0 0.10947712418300654 0.1542111506524318 0.02144607843137255 0.03242388295769079
0 0.1090686274509804 0.18979833926453143 0.02165032679738562 0.028469750889679714
0 0.08762254901960784 0.1546065638592329 0.020016339869281044 0.03440094899169632
0 0.08700980392156862 0.19177540529853698 0.02042483660130719 0.02807433768287861
0 0.06433823529411764 0.16488730723606168 0.02185457516339869 0.028469750889679714
0 0.061887254901960786 0.19572953736654805 0.024101307189542485 0.024120205614867538
0 0.034722222222222224 0.1656781336496639 0.025939542483660132 0.028865164096480822
0 0.03451797385620915 0.19652036378015025 0.025735294117647058 0.02372479240806643
0 0.49816176470588236 0.04665875840253064 0.024509803921568627 0.021352313167259787
0 0.47120098039215685 0.03558718861209965 0.026756535947712417 0.027283511269276393
0 0.4730392156862745 0.06484776591538158 0.025939542483660132 0.025701858442071967
0 0.4722222222222222 0.09252669039145907 0.026756535947712417 0.021747726374060895
0 0.4440359477124183 0.03440094899169632 0.026552287581699346 0.027283511269276393
0 0.4438316993464052 0.06366152629497825 0.027165032679738563 0.026888098062475288
0 0.4438316993464052 0.0941083432186635 0.026348039215686275 0.02095689996045868
0 0.4158496732026144 0.03598260181890075 0.02696078431372549 0.026888098062475288
0 0.41687091503267976 0.06326611308817714 0.025735294117647058 0.028469750889679714
0 0.41605392156862747 0.09252669039145907 0.026348039215686275 0.02095689996045868
0 0.3866421568627451 0.03479636219849743 0.026348039215686275 0.027283511269276393
0 0.3886846405228758 0.06524317912218268 0.026348039215686275 0.02649268485567418
0 0.38786764705882354 0.09292210359826018 0.026552287581699346 0.021352313167259787
0 0.3596813725490196 0.04389086595492289 0.024509803921568627 0.018584420719652037
0 0.36008986928104575 0.06366152629497825 0.027165032679738563 0.02807433768287861
0 0.3604983660130719 0.0941083432186635 0.025939542483660132 0.019770660340055358
0 0.3335375816993464 0.06405693950177936 0.024918300653594773 0.02807433768287861
0 0.33169934640522875 0.09331751680506128 0.027165032679738563 0.02095689996045868
0 0.3055555555555556 0.06405693950177936 0.027369281045751634 0.027283511269276393
0 0.2908496732026144 0.022933965994464216 0.025122549019607844 0.02095689996045868
0 0.2798202614379085 0.03756425464610518 0.025531045751633986 0.025701858442071967
0 0.27798202614379086 0.06682483194938711 0.025326797385620915 0.02649268485567418
0 0.2775735294117647 0.09213127718465797 0.026143790849673203 0.022933965994464216
0 0.2508169934640523 0.0656385923289838 0.025122549019607844 0.02649268485567418
0 0.25040849673202614 0.09252669039145907 0.02696078431372549 0.022143139580862
0 0.36519607843137253 0.030051403716884143 0.025735294117647058 0.01818900751285093
0 0.43933823529411764 0.01265322261763543 0.028186274509803922 0.021747726374060895
0 0.22794117647058823 0.08501383946223803 0.021037581699346407 0.03163305654408857
0 0.22773692810457516 0.044286279161724 0.021037581699346407 0.03637801502570186
0 0.1999591503267974 0.08659549228944247 0.02267156862745098 0.02965599051008304
0 0.21507352941176472 0.0498220640569395 0.015522875816993464 0.036773428232502965
0 0.1750408496732026 0.04468169236852511 0.023488562091503268 0.03716884143930407
0 0.17401960784313725 0.08540925266903915 0.023080065359477125 0.02965599051008304
0 0.15196078431372548 0.04586793198892843 0.02185457516339869 0.03598260181890075
0 0.15236928104575165 0.0826413602214314 0.020833333333333332 0.033214709371293
0 0.12377450980392157 0.03795966785290629 0.0247140522875817 0.02609727164887307
0 0.0 0.8394622380387505 0.01491013071895425 0.03479636219849743
0 0.6198937908496732 0.2091735863977857 0.022058823529411766 0.14037168841439304
0 0.5622957516339869 0.04191379992091736 0.030637254901960783 0.13048635824436536
0 0.5290032679738562 0.04112297350731514 0.03125 0.13048635824436536
0 0.7549019607843137 0.37999209173586396 0.034722222222222224 0.14590747330960854
0 0.0 0.014234875444839857 0.016748366013071895 0.024515618821668642
0 0.0 0.04112297350731514 0.01082516339869281 0.02530644523527086
0 0.18075980392156862 0.030051403716884143 0.02246732026143791 0.015025701858442072
0 0.9556781045751634 0.17833135626729932 0.017769607843137254 0.04744958481613286
0 0.863562091503268 0.18109924871490707 0.01919934640522876 0.04310003954132068
0 0.7769607843137255 0.17991300909450375 0.01838235294117647 0.051403716884143934
0 0.5990604575163399 0.17951759588770264 0.018995098039215685 0.030051403716884143
0 0.6725898692810458 0.17951759588770264 0.0196078431372549 0.051799130090945035
0 0.5287990196078431 0.17872676947410043 0.01940359477124183 0.02926057730328193
0 0.49060457516339867 0.11981020166073547 0.01919934640522876 0.05219454329774614
0 0.46629901960784315 0.11981020166073547 0.01940359477124183 0.022933965994464216
0 0.3545751633986928 0.11862396204033215 0.018790849673202614 0.056544088572558326
0 0.3016748366013072 0.11941478845393436 0.018790849673202614 0.05614867536575722
0 0.39889705882352944 0.23843416370106763 0.019812091503267973 0.054962435745353894
0 0.3486519607843137 0.2388295769078687 0.011642156862745098 0.04151838671411625
0 0.7665441176470589 0.35508105970739423 0.018995098039215685 0.03519177540529854
0 0.6664624183006536 0.35587188612099646 0.01940359477124183 0.033610122578094107
0 0.6229575163398693 0.35587188612099646 0.018995098039215685 0.051799130090945035
0 0.528390522875817 0.35468564650059314 0.01940359477124183 0.05258995650454725
0 0.4730392156862745 0.4013444049031238 0.018790849673202614 0.0498220640569395
0 0.4389297385620915 0.40055357848952156 0.018995098039215685 0.04942665085013839
0 0.4054330065359477 0.40055357848952156 0.01940359477124183 0.05338078291814947
0 0.3790849673202614 0.40094899169632264 0.018790849673202614 0.051008303677342826
0 0.3457924836601307 0.4017398181099249 0.01940359477124183 0.05258995650454725
0 0.31862745098039214 0.4013444049031238 0.01940359477124183 0.019770660340055358
0 0.26491013071895425 0.4013444049031238 0.0196078431372549 0.05258995650454725
0 0.2326388888888889 0.4017398181099249 0.023080065359477125 0.04468169236852511
0 0.20445261437908496 0.4017398181099249 0.0247140522875817 0.045472518782127325
0 0.10641339869281045 0.4302095689996046 0.018995098039215685 0.05219454329774614
0 0.9499591503267973 0.04468169236852511 0.028594771241830064 0.1273230525899565
0 0.920547385620915 0.044286279161724 0.02798202614379085 0.1277184657967576
0 0.7745098039215687 0.044286279161724 0.028799019607843136 0.12969553183076316
0 0.7438725490196079 0.044286279161724 0.03002450980392157 0.12930011862396204
0 0.7011846405228758 0.051008303677342826 0.006740196078431373 0.12257809410834322
0 0.6858660130718954 0.05219454329774614 0.012050653594771242 0.12099644128113879
0 0.6556372549019608 0.045472518782127325 0.029616013071895424 0.12811387900355872
0 0.625 0.04468169236852511 0.0298202614379085 0.12811387900355872
0 0.5947712418300654 0.04349545274812179 0.029616013071895424 0.12890470541716093
0 0.19178921568627452 0.6635033610122578 0.028799019607843136 0.024515618821668642
0 0.1621732026143791 0.6041913799920917 0.028594771241830064 0.02807433768287861
0 0.1621732026143791 0.6338473705021748 0.028594771241830064 0.027283511269276393
0 0.16299019607843138 0.6631079478054567 0.027777777777777776 0.02649268485567418
0 0.11090686274509803 0.608540925266904 0.04513888888888889 0.04863582443653618
0 0.049836601307189546 0.5108738631870304 0.03227124183006536 0.018584420719652037
0 0.014297385620915032 0.46026097271648875 0.03349673202614379 0.022933965994464216
0 0.014093137254901961 0.48438117833135624 0.03370098039215686 0.024515618821668642
0 0.015318627450980392 0.5100830367734283 0.03329248366013072 0.018979833926453145
0 0.0 0.5104784499802293 0.013480392156862746 0.01818900751285093
0 0.0 0.48438117833135624 0.013071895424836602 0.022933965994464216
0 0.4834558823529412 0.34361407671016214 0.03860294117647059 0.05338078291814947
0 0.44342320261437906 0.3420324238829577 0.03901143790849673 0.05417160933175168
0 0.48161764705882354 0.2815342032423883 0.0392156862745098 0.05970739422696718
0 0.445874183006536 0.2831158560695927 0.03451797385620915 0.05693950177935943
0 0.6096813725490197 0.5338078291814946 0.018790849673202614 0.04863582443653618
0 0.4950980392156863 0.534994068801898 0.018995098039215685 0.022933965994464216
0 0.6427696078431373 0.20877817319098457 0.023488562091503268 0.1423487544483986
0 0.5471813725490197 0.20838275998418349 0.023080065359477125 0.14076710162119416
0 0.9448529411764706 0.2151047844998023 0.028390522875816993 0.13088177145116647
0 0.9136029411764706 0.21391854487939896 0.02920751633986928 0.1324634242783709
0 0.883578431372549 0.21391854487939896 0.02798202614379085 0.13483590351917754
0 0.8519199346405228 0.21391854487939896 0.03002450980392157 0.13562672993277974
0 0.8208741830065359 0.21747726374060894 0.03002450980392157 0.13167259786476868
0 0.30310457516339867 0.7208382759984183 0.024305555555555556 0.12890470541716093
0 0.2834967320261438 0.7164887307236062 0.022058823529411766 0.1273230525899565
0 0.2571486928104575 0.7212336892052195 0.024101307189542485 0.1265322261763543
0 0.23590686274509803 0.7224199288256228 0.022058823529411766 0.12534598655595097
0 0.2122140522875817 0.7216291024120206 0.023080065359477125 0.12613681296955317
0 0.190359477124183 0.7216291024120206 0.022058823529411766 0.12455516014234876
0 0.12867647058823528 0.8374851720047449 0.0247140522875817 0.03756425464610518
0 0.1664624183006536 0.8533017002767892 0.0181781045751634 0.051799130090945035
0 0.5957924836601307 0.20877817319098457 0.02287581699346405 0.14076710162119416
0 0.5712826797385621 0.20838275998418349 0.023284313725490197 0.14076710162119416
0 0.9795751633986928 0.04468169236852511 0.02042483660130719 0.12811387900355872
0 0.9211601307189542 0.37682878608145515 0.034926470588235295 0.1443258204824041
0 0.8866421568627451 0.37682878608145515 0.03390522875816993 0.14551206010280743
0 0.8529411764705882 0.3792012653222618 0.03308823529411765 0.14630288651640966
0 0.8159722222222222 0.3776196124950573 0.025939542483660132 0.14788453934361406
0 0.7902369281045751 0.37999209173586396 0.03308823529411765 0.14551206010280743
0 0.8225081699346405 0.5484381178331357 0.029411764705882353 0.13523131672597866
0 0.6981209150326797 0.5527876631079478 0.03431372549019608 0.13444049031237643
0 0.6683006535947712 0.5508105970739423 0.02900326797385621 0.132858837485172
0 0.6376633986928104 0.55001977066034 0.027777777777777776 0.13364966389877422
0 0.613562091503268 0.5539739027283511 0.02920751633986928 0.13404507710557534
0 0.582312091503268 0.5523922499011467 0.030637254901960783 0.13720838275998418
0 0.551062091503268 0.5523922499011467 0.029411764705882353 0.13602214313958086
0 0.5191993464052288 0.5512060102807433 0.030637254901960783 0.1379992091735864
0 0.4936683006535948 0.55357848952155 0.024918300653594773 0.1376037959667853
0 0.3735702614379085 0.5547647291419533 0.021241830065359478 0.13404507710557534
0 0.9754901960784313 0.6994859628311586 0.02389705882352941 0.12534598655595097
0 0.9424019607843137 0.701067615658363 0.037377450980392156 0.13641755634638197
0 0.8517156862745098 0.7054171609331752 0.0247140522875817 0.12613681296955317
0 0.8251633986928104 0.7058125741399762 0.0298202614379085 0.13641755634638197
0 0.6685049019607843 0.7109529458283906 0.03145424836601307 0.12613681296955317
0 0.44730392156862747 0.7129300118623962 0.02389705882352941 0.1368129695531831
0 0.32802287581699346 0.7212336892052195 0.02144607843137255 0.1277184657967576
0 0.09681372549019608 0.8718861209964412 0.034722222222222224 0.0941083432186635
0 0.7093545751633987 0.044286279161724 0.03349673202614379 0.12930011862396204
0 0.9852941176470589 0.37722419928825623 0.014501633986928105 0.14076710162119416
0 0.12214052287581699 0.0660340055357849 0.026552287581699346 0.02807433768287861
0 0.12316176470588236 0.09450375642546462 0.027165032679738563 0.022538552787663108
0 0.09640522875816994 0.03914590747330961 0.025939542483660132 0.02807433768287861
0 0.1323529411764706 0.01818900751285093 0.02696078431372549 0.021747726374060895
0 0.1096813725490196 0.018979833926453145 0.023488562091503268 0.021352313167259787
0 0.09660947712418301 0.06722024515618821 0.025735294117647058 0.027283511269276393
0 0.09640522875816994 0.09568999604586793 0.025531045751633986 0.022143139580862
0 0.06924019607843138 0.039936733886911824 0.025939542483660132 0.02530644523527086
0 0.06964869281045752 0.06880189798339265 0.025531045751633986 0.025701858442071967
0 0.06944444444444445 0.09648082245947015 0.026143790849673203 0.02095689996045868
0 0.08272058823529412 0.019770660340055358 0.025531045751633986 0.019770660340055358
0 0.058823529411764705 0.022538552787663108 0.02246732026143791 0.01818900751285093
0 0.041666666666666664 0.06880189798339265 0.026756535947712417 0.02649268485567418
0 0.04125816993464052 0.09648082245947015 0.02696078431372549 0.022143139580862
0 0.02287581699346405 0.021352313167259787 0.028186274509803922 0.018584420719652037
0 0.011437908496732025 0.03795966785290629 0.028390522875816993 0.02926057730328193
0 0.012050653594771242 0.09806247528667457 0.027573529411764705 0.02095689996045868
0 0.0 0.09687623566627125 0.011029411764705883 0.022538552787663108
0 0.0 0.06959272439699486 0.011642156862745098 0.02491103202846975
0 0.2152777777777778 0.8548833531039937 0.01919934640522876 0.05021747726374061
0 0.1315359477124183 0.2423882957690787 0.026348039215686275 0.02965599051008304
0 0.10191993464052287 0.24713325425069196 0.027573529411764705 0.02649268485567418
0 0.3952205882352941 0.553183076314749 0.025122549019607844 0.1376037959667853
0 0.735702614379085 0.7097667062079873 0.029411764705882353 0.13523131672597866
0 0.7007761437908496 0.7101621194147885 0.034109477124183 0.13602214313958086
0 0.37336601307189543 0.7216291024120206 0.023080065359477125 0.1277184657967576
0 0.3500816993464052 0.7216291024120206 0.022263071895424837 0.1277184657967576
0 0.08415032679738563 0.46065638592328984 0.03104575163398693 0.02095689996045868
0 0.19178921568627452 0.8533017002767892 0.018586601307189542 0.05298536971134836
0 0.0959967320261438 0.8366943455911428 0.025531045751633986 0.04072756030051404
0 0.2514297385620915 0.8540925266903915 0.02246732026143791 0.04310003954132068
0 0.08394607843137254 0.42981415579280347 0.018995098039215685 0.051008303677342826
0 0.06535947712418301 0.4294187425860024 0.017973856209150325 0.014630288651640965
0 0.026552287581699346 0.4306049822064057 0.01838235294117647 0.013444049031237644
0 0.0 0.4310003954132068 0.012254901960784314 0.051008303677342826
0 0.980187908496732 0.5262949782522737 0.01715686274509804 0.053776196124950576
0 0.9434232026143791 0.5255041518386714 0.01940359477124183 0.054962435745353894
0 0.278390522875817 0.8556741795175958 0.0181781045751634 0.027283511269276393
0 0.6736111111111112 0.5334124159746936 0.018995098039215685 0.054567022538552785
0 0.19240196078431374 0.6927639383155397 0.018995098039215685 0.028469750889679714
0 0.2792075163398693 0.608540925266904 0.029411764705882353 0.02965599051008304
0 0.28084150326797386 0.6389877421905892 0.028594771241830064 0.02649268485567418
0 0.28125 0.6666666666666666 0.028799019607843136 0.022143139580862
0 0.25020424836601307 0.6057730328192962 0.028390522875816993 0.02926057730328193
0 0.2512254901960784 0.638196915776987 0.028799019607843136 0.02609727164887307
0 0.2506127450980392 0.6662712534598656 0.028390522875816993 0.02372479240806643
0 0.22140522875816993 0.5765124555160143 0.02798202614379085 0.028469750889679714
0 0.22120098039215685 0.6057730328192962 0.028390522875816993 0.02926057730328193
0 0.22058823529411764 0.6378015025701859 0.028799019607843136 0.02807433768287861
0 0.22140522875816993 0.6666666666666666 0.02798202614379085 0.02095689996045868
0 0.19321895424836602 0.575721629102412 0.02798202614379085 0.02649268485567418
0 0.1613562091503268 0.5761170423092131 0.028390522875816993 0.026888098062475288
0 0.19178921568627452 0.6030051403716884 0.028799019607843136 0.030051403716884143
0 0.19178921568627452 0.6350336101225781 0.028186274509803922 0.027283511269276393
0 0.16033496732026145 0.23962040332147094 0.017565359477124183 0.05298536971134836
0 0.13398692810457516 0.22301304863582444 0.01940359477124183 0.030051403716884143
0 0.11213235294117647 0.22380387504942664 0.020016339869281044 0.02926057730328193
0 0.04370915032679738 0.22499011466982996 0.018790849673202614 0.05219454329774614
0 0.9450571895424836 0.3527085804665876 0.019812091503267973 0.03242388295769079
0 0.8594771241830066 0.35468564650059314 0.018995098039215685 0.03440094899169632
0 0.10784313725490197 0.5504151838671412 0.0479983660130719 0.056544088572558326
0 0.06331699346405228 0.6073546856465006 0.04738562091503268 0.051008303677342826
0 0.017973856209150325 0.6073546856465006 0.044730392156862746 0.051008303677342826
0 0.07536764705882353 0.5484381178331357 0.03308823529411765 0.05614867536575722
0 0.03799019607843137 0.5504151838671412 0.03819444444444445 0.04784499802293397
0 0.0 0.5808620007908264 0.02062908496732026 0.0771055753262159
0 0.4840686274509804 0.453934361407671 0.031862745098039214 0.0387504942665085
0 0.3272058823529412 0.8564650059311981 0.018586601307189542 0.01937524713325425
0 0.0181781045751634 0.8386714116251482 0.0247140522875817 0.033610122578094107
0 0.42034313725490197 0.8548833531039937 0.01940359477124183 0.042309213127718466
0 0.49693627450980393 0.6955318307631475 0.01919934640522876 0.024515618821668642
0 0.5285947712418301 0.6951364175563464 0.018586601307189542 0.051799130090945035
0 0.44546568627450983 0.8564650059311981 0.0181781045751634 0.05298536971134836
0 0.3980800653594771 0.8548833531039937 0.0181781045751634 0.05219454329774614
0 0.5228758169934641 0.20680110715697905 0.023284313725490197 0.1423487544483986
0 0.6680964052287581 0.2206405693950178 0.0298202614379085 0.13048635824436536
0 0.6991421568627451 0.21708185053380782 0.03022875816993464 0.13444049031237643
0 0.974468954248366 0.2155001977066034 0.025326797385620915 0.1312771846579676
0 0.5220588235294118 0.7117437722419929 0.03104575163398693 0.1379992091735864
0 0.49754901960784315 0.7133254250691973 0.02389705882352941 0.13641755634638197
0 0.47181372549019607 0.7129300118623962 0.024101307189542485 0.1368129695531831
0 0.832312091503268 0.044286279161724 0.028594771241830064 0.12969553183076316
0 0.803921568627451 0.044286279161724 0.027369281045751634 0.12969553183076316
0 0.721609477124183 0.3807829181494662 0.03227124183006536 0.14551206010280743
0 0.5522875816993464 0.37722419928825623 0.03370098039215686 0.1494661921708185
0 0.5185866013071896 0.3760379596678529 0.03308823529411765 0.15144325820482404
0 0.9113562091503268 0.5448793989719256 0.02920751633986928 0.13404507710557534
0 0.9761029411764706 0.5440885725583234 0.017769607843137254 0.1277184657967576
0 0.8811274509803921 0.5468564650059312 0.0298202614379085 0.13364966389877422
0 0.852328431372549 0.5476472914195334 0.028390522875816993 0.13483590351917754
0 0.05923202614379085 0.6627125345986556 0.018995098039215685 0.04349545274812179
0 0.1650326797385621 0.6915776986951364 0.0196078431372549 0.03084223013048636
0 0.7069035947712419 0.8517200474495848 0.01838235294117647 0.045077105575326216
0 0.49244281045751637 0.8556741795175958 0.0196078431372549 0.04112297350731514
0 0.3727532679738562 0.8572558323448003 0.01919934640522876 0.04863582443653618
0 0.3525326797385621 0.8568604191379993 0.018790849673202614 0.01818900751285093
0 0.9279003267973857 0.8426255436931593 0.0181781045751634 0.05258995650454725
0 0.7730800653594772 0.8505338078291815 0.01838235294117647 0.020166073546856466
0 0.7924836601307189 0.21905891656781337 0.026143790849673203 0.13048635824436536
0 0.7608251633986928 0.21787267694741005 0.03104575163398693 0.13167259786476868
0 0.7295751633986928 0.21787267694741005 0.030433006535947712 0.1320680110715698
0 0.8905228758169934 0.044286279161724 0.028799019607843136 0.12850929221035984
0 0.8619281045751634 0.044286279161724 0.027573529411764705 0.12969553183076316
0 0.8384395424836601 0.8493475682087782 0.01919934640522876 0.04191379992091736
0 0.47120098039215685 0.856069592724397 0.018586601307189542 0.051799130090945035
0 0.4401552287581699 0.11901937524713326 0.01919934640522876 0.02332937920126532
0 0.41482843137254904 0.11941478845393436 0.01940359477124183 0.022933965994464216
0 0.24754901960784315 0.11981020166073547 0.018790849673202614 0.053776196124950576
0 0.22630718954248366 0.11981020166073547 0.018790849673202614 0.033610122578094107
0 0.1977124183006536 0.11941478845393436 0.01919934640522876 0.010676156583629894
0 0.09354575163398693 0.121787267694741 0.023488562091503268 0.04151838671411625
0 0.06781045751633986 0.12297350731514432 0.01919934640522876 0.03479636219849743
0 0.03574346405228758 0.12376433372874654 0.02389705882352941 0.04112297350731514
0 0.008169934640522876 0.12336892052194544 0.021241830065359478 0.04191379992091736
0 0.29616013071895425 0.23962040332147094 0.01184640522875817 0.04112297350731514
0 0.2792075163398693 0.23843416370106763 0.012663398692810458 0.014630288651640965
0 0.2540849673202614 0.24041122973507315 0.01940359477124183 0.051403716884143934
0 0.23590686274509803 0.24001581652827206 0.017565359477124183 0.051008303677342826
0 0.21650326797385622 0.24001581652827206 0.018586601307189542 0.051799130090945035
0 0.19750816993464052 0.23922499011466983 0.017565359477124183 0.05338078291814947
0 0.17687908496732027 0.24001581652827206 0.0196078431372549 0.049031237643337285
0 0.7469362745098039 0.5326215895610913 0.01838235294117647 0.05219454329774614
0 0.5281862745098039 0.8552787663107948 0.018586601307189542 0.042704626334519574
0 0.2986111111111111 0.8552787663107948 0.021037581699346407 0.053776196124950576
0 0.9836601307189542 0.8418347172795572 0.01613562091503268 0.05258995650454725
0 0.17626633986928106 0.4017398181099249 0.023284313725490197 0.046263345195729534
0 0.8939950980392157 0.5282720442862792 0.01940359477124183 0.05061289047054172
0 0.11070261437908496 0.6619217081850534 0.01838235294117647 0.03479636219849743
0 0.4158496732026144 0.6959272439699487 0.0181781045751634 0.04033214709371293
0 0.6227532679738562 0.6947410043495452 0.01940359477124183 0.02649268485567418
0 0.22589869281045752 0.6947410043495452 0.017769607843137254 0.051008303677342826
0 0.2565359477124183 0.6951364175563464 0.018995098039215685 0.036773428232502965
0 0.28145424836601307 0.6959272439699487 0.0181781045751634 0.05298536971134836
0 0.31842320261437906 0.6959272439699487 0.017565359477124183 0.0498220640569395
0 0.3727532679738562 0.6963226571767497 0.018586601307189542 0.048240411229735075
0 0.44076797385620914 0.6967180703835508 0.01919934640522876 0.024120205614867538
0 0.36642156862745096 0.30486358244365364 0.02042483660130719 0.08461842625543693
0 0.017973856209150325 0.6623171213918545 0.019812091503267973 0.011466982997232108
0 0.007965686274509803 0.166073546856465 0.026552287581699346 0.028865164096480822
0 0.007761437908496732 0.1981020166073547 0.026143790849673203 0.022538552787663108
0 0.5014297385620915 0.09331751680506128 0.025735294117647058 0.021352313167259787
0 0.4979575163398693 0.07077896401739818 0.025122549019607844 0.02095689996045868
0 0.8259803921568627 0.5330170027678924 0.018790849673202614 0.05219454329774614
0 0.35580065359477125 0.534994068801898 0.018586601307189542 0.036773428232502965
0 0.20241013071895425 0.5338078291814946 0.018995098039215685 0.054567022538552785
0 0.012663398692810458 0.07038355081059708 0.027165032679738563 0.02491103202846975
0 0.17892156862745098 0.11981020166073547 0.017361111111111112 0.027283511269276393
0 0.159109477124183 0.11981020166073547 0.017973856209150325 0.02965599051008304
0 0.13194444444444445 0.12099644128113879 0.02287581699346405 0.04389086595492289
0 0.3443627450980392 0.6963226571767497 0.01838235294117647 0.04665875840253064
0 0.25 0.03637801502570186 0.026143790849673203 0.028865164096480822
0 0.04125816993464052 0.04112297350731514 0.026348039215686275 0.02649268485567418
0 0.5287990196078431 0.5330170027678924 0.01838235294117647 0.04784499802293397
0 0.4569035947712418 0.5353894820086991 0.017769607843137254 0.04586793198892843
0 0.14930555555555555 0.4017398181099249 0.023284313725490197 0.04586793198892843
0 0.4258578431372549 0.5353894820086991 0.01838235294117647 0.04310003954132068
0 0.1395016339869281 0.4290233293792013 0.01940359477124183 0.04942665085013839
0 0.04554738562091503 0.42981415579280347 0.0181781045751634 0.013048635824436536
0 0.5714869281045751 0.3554764729141953 0.01940359477124183 0.05338078291814947
0 0.2636846405228758 0.021747726374060895 0.024509803921568627 0.019770660340055358
0 0.38480392156862747 0.534994068801898 0.0181781045751634 0.04784499802293397
0 0.28451797385620914 0.5345986555950969 0.01919934640522876 0.051008303677342826
0 0.24918300653594772 0.5342032423882958 0.018586601307189542 0.04942665085013839
0 0.1607434640522876 0.5306445235270858 0.019812091503267973 0.04468169236852511
0 0.12581699346405228 0.5322261763542903 0.018995098039215685 0.015816528272044286
0 0.7062908496732027 0.6935547647291419 0.018790849673202614 0.03598260181890075
0 0.7994281045751634 0.6896006326611309 0.017973856209150325 0.014630288651640965
0 0.8880718954248366 0.6848556741795176 0.018586601307189542 0.03479636219849743
0 0.9554738562091504 0.6836694345591142 0.01919934640522876 0.030051403716884143
0 0.6427696078431373 0.8533017002767892 0.01838235294117647 0.05298536971134836
0 0.23651960784313725 0.8540925266903915 0.0181781045751634 0.030051403716884143
0 0.46834150326797386 0.2380387504942665 0.018995098039215685 0.051008303677342826
0 0.0857843137254902 0.22499011466982996 0.02267156862745098 0.022143139580862
0 0.0 0.22419928825622776 0.018995098039215685 0.020166073546856466
0 0.30514705882352944 0.09292210359826018 0.026552287581699346 0.022933965994464216
