0 0.21647135416666666 0.11747685185185185 0.06608072916666667 0.06597222222222222
0 0.2718098958333333 0.14814814814814814 0.042317708333333336 0.041087962962962965
0 0.3154296875 0.1099537037037037 0.052734375 0.0763888888888889
0 0.0003255208333333333 0.06655092592592593 0.046875 0.04513888888888889
0 0.0032552083333333335 0.10185185185185185 0.044596354166666664 0.03935185185185185
0 0.024088541666666668 0.109375 0.048828125 0.0775462962962963
0 0.0361328125 0.05497685185185185 0.048502604166666664 0.06018518518518518
0 0.09928385416666667 0.10300925925925926 0.061848958333333336 0.08912037037037036
0 0.154296875 0.10706018518518519 0.049153645833333336 0.08333333333333333
0 0.14973958333333334 0.03530092592592592 0.05078125 0.052662037037037035
0 0.058268229166666664 0.07465277777777778 0.059244791666666664 0.05844907407407408
0 0.1689453125 0.0763888888888889 0.059244791666666664 0.06076388888888889
0 0.22102864583333334 0.0787037037037037 0.059244791666666664 0.05381944444444445
0 0.234375 0.012152777777777778 0.0546875 0.0763888888888889
0 0.2581380208333333 0.03819444444444445 0.057942708333333336 0.07407407407407407
0 0.3515625 0.009837962962962963 0.0390625 0.08912037037037036
0 0.3583984375 0.06944444444444445 0.064453125 0.109375
0 0.2740885416666667 0.08159722222222222 0.048177083333333336 0.08449074074074074
0 0.3932291666666667 0.005208333333333333 0.040364583333333336 0.06770833333333333
0 0.373046875 0.04050925925925926 0.055989583333333336 0.06770833333333333
0 0.2945963541666667 0.027777777777777776 0.046875 0.08043981481481481
0 0.3310546875 0.03530092592592592 0.030924479166666668 0.07928240740740741
0 0.4755859375 0.023726851851851853 0.0400390625 0.0642361111111111
0 0.5068359375 0.03993055555555555 0.032552083333333336 0.061342592592592594
0 0.4495442708333333 0.08680555555555555 0.034505208333333336 0.05439814814814815
0 0.4361979166666667 0.034722222222222224 0.034830729166666664 0.04918981481481482
0 0.4361979166666667 0.07233796296296297 0.034830729166666664 0.03356481481481482
0 0.427734375 0.10532407407407407 0.0390625 0.05960648148148148
0 0.4684244791666667 0.07349537037037036 0.0283203125 0.043402777777777776
0 0.494140625 0.08101851851851852 0.029622395833333332 0.05092592592592592
0 0.4632161458333333 0.12962962962962962 0.0322265625 0.03298611111111111
0 0.4645182291666667 0.1556712962962963 0.033854166666666664 0.017939814814814815
0 0.4895833333333333 0.11226851851851852 0.031901041666666664 0.059027777777777776
0 0.5475260416666666 0.0931712962962963 0.042317708333333336 0.05324074074074074
0 0.5133463541666666 0.0931712962962963 0.0361328125 0.0625
0 0.533203125 0.06539351851851852 0.027994791666666668 0.030671296296296297
0 0.5380859375 0.08912037037037036 0.033854166666666664 0.028935185185185185
0 0.5302734375 0.125 0.060221354166666664 0.05092592592592592
0 0.5133463541666666 0.0931712962962963 0.0361328125 0.0625
0 0.5895182291666666 0.015046296296296295 0.037109375 0.06712962962962964
0 0.5970052083333334 0.061342592592592594 0.050455729166666664 0.07118055555555555
0 0.6227213541666666 0.0775462962962963 0.06901041666666667 0.10243055555555555
0 0.623046875 0.001736111111111111 0.051432291666666664 0.0943287037037037
0 0.6861979166666666 0.08391203703703703 0.056315104166666664 0.08506944444444445
0 0.6682942708333334 0.020833333333333332 0.0595703125 0.078125
0 0.7493489583333334 0.10821759259259259 0.039713541666666664 0.05555555555555555
0 0.7955729166666666 0.07233796296296297 0.0361328125 0.061921296296296294
0 0.8385416666666666 0.06655092592592593 0.06705729166666667 0.08969907407407407
0 0.8098958333333334 0.03877314814814815 0.0322265625 0.06712962962962964
0 0.7565104166666666 0.061342592592592594 0.0302734375 0.059027777777777776
0 0.755859375 0.007523148148148148 0.046549479166666664 0.05613425925925926
0 0.7301432291666666 0.04282407407407408 0.0322265625 0.05324074074074074
0 0.8401692708333334 0.015046296296296295 0.0576171875 0.08391203703703703
0 0.7848307291666666 0.0 0.0322265625 0.041666666666666664
0 0.89453125 0.09606481481481481 0.043619791666666664 0.043402777777777776
0 0.9645182291666666 0.10011574074074074 0.03515625 0.03761574074074074
0 0.9228515625 0.052083333333333336 0.041666666666666664 0.041666666666666664
0 0.9602864583333334 0.052662037037037035 0.0302734375 0.041087962962962965
0 0.9853515625 0.05555555555555555 0.014322916666666666 0.03587962962962963
0 0.0 0.4675925925925926 0.050130208333333336 0.09953703703703703
0 0.01953125 0.5347222222222222 0.047526041666666664 0.08333333333333333
0 0.06282552083333333 0.5237268518518519 0.0537109375 0.08622685185185185
0 0.041666666666666664 0.4675925925925926 0.059895833333333336 0.08912037037037036
0 0.0 0.40914351851851855 0.0400390625 0.08217592592592593
0 0.041015625 0.4270833333333333 0.043619791666666664 0.057291666666666664
0 0.09016927083333333 0.4675925925925926 0.041666666666666664 0.0642361111111111
0 0.095703125 0.36863425925925924 0.050455729166666664 0.08854166666666667
0 0.13899739583333334 0.34780092592592593 0.051106770833333336 0.08680555555555555
0 0.14453125 0.4068287037037037 0.043619791666666664 0.06655092592592593
0 0.13216145833333334 0.45891203703703703 0.044921875 0.059027777777777776
0 0.012044270833333334 0.37962962962962965 0.048828125 0.06481481481481481
0 0.0439453125 0.34375 0.044921875 0.06597222222222222
0 0.1044921875 0.34375 0.049479166666666664 0.04513888888888889
0 0.14127604166666666 0.5052083333333334 0.0419921875 0.06655092592592593
0 0.1708984375 0.5266203703703703 0.039713541666666664 0.07928240740740741
0 0.2080078125 0.5381944444444444 0.031901041666666664 0.06539351851851852
0 0.19498697916666666 0.3472222222222222 0.030598958333333332 0.05439814814814815
0 0.20735677083333334 0.3680555555555556 0.0361328125 0.06018518518518518
0 0.22428385416666666 0.390625 0.036783854166666664 0.0625
0 0.24055989583333334 0.41261574074074076 0.032877604166666664 0.05150462962962963
0 0.1875 0.4351851851851852 0.034830729166666664 0.059027777777777776
0 0.19791666666666666 0.4542824074074074 0.04296875 0.06655092592592593
0 0.23828125 0.47627314814814814 0.037109375 0.06539351851851852
0 0.23828125 0.5410879629629629 0.0361328125 0.056712962962962965
0 0.2731119791666667 0.47800925925925924 0.036783854166666664 0.06655092592592593
0 0.3063151041666667 0.4537037037037037 0.0390625 0.06539351851851852
0 0.2942708333333333 0.42476851851851855 0.033854166666666664 0.06076388888888889
0 0.2708333333333333 0.5486111111111112 0.033854166666666664 0.04918981481481482
0 0.3196614583333333 0.5300925925925926 0.038736979166666664 0.07002314814814815
0 0.263671875 0.40219907407407407 0.027669270833333332 0.052662037037037035
0 0.2779947916666667 0.38425925925925924 0.0302734375 0.04976851851851852
0 0.2639973958333333 0.3570601851851852 0.02734375 0.045717592592592594
0 0.349609375 0.4965277777777778 0.037760416666666664 0.07118055555555555
0 0.3714192708333333 0.5682870370370371 0.0419921875 0.05381944444444445
0 0.3929036458333333 0.5341435185185185 0.034830729166666664 0.05439814814814815
0 0.3935546875 0.4965277777777778 0.037434895833333336 0.05439814814814815
0 0.3287760416666667 0.43171296296296297 0.038411458333333336 0.05613425925925926
0 0.3076171875 0.3773148148148148 0.033528645833333336 0.04976851851851852
0 0.359375 0.4270833333333333 0.027994791666666668 0.06481481481481481
0 0.40234375 0.4652777777777778 0.030598958333333332 0.041666666666666664
0 0.4085286458333333 0.42939814814814814 0.030598958333333332 0.05092592592592592
0 0.3805338541666667 0.4236111111111111 0.028971354166666668 0.04918981481481482
0 0.3818359375 0.3993055555555556 0.028971354166666668 0.037037037037037035
0 0.4137369791666667 0.4010416666666667 0.025390625 0.045717592592592594
0 0.4524739583333333 0.4056712962962963 0.049153645833333336 0.09027777777777778
0 0.5071614583333334 0.40335648148148145 0.041666666666666664 0.05381944444444445
0 0.4899088541666667 0.4427083333333333 0.05078125 0.0763888888888889
0 0.5276692708333334 0.44212962962962965 0.026041666666666668 0.08101851851851852
0 0.4501953125 0.48148148148148145 0.047200520833333336 0.0642361111111111
0 0.5009765625 0.48842592592592593 0.052408854166666664 0.08275462962962964
0 0.4358723958333333 0.5219907407407407 0.049479166666666664 0.078125
0 0.4645182291666667 0.5277777777777778 0.056640625 0.09837962962962964
0 0.6604817708333334 0.4039351851851852 0.023763020833333332 0.03993055555555555
0 0.6311848958333334 0.4224537037037037 0.01953125 0.030671296296296297
0 0.6103515625 0.4508101851851852 0.0205078125 0.031828703703703706
0 0.6422526041666666 0.4542824074074074 0.018229166666666668 0.030671296296296297
0 0.5797526041666666 0.47685185185185186 0.020182291666666668 0.03125
0 0.669921875 0.4537037037037037 0.01953125 0.031828703703703706
0 0.6298828125 0.4710648148148148 0.016927083333333332 0.029513888888888888
0 0.6149088541666666 0.49189814814814814 0.021158854166666668 0.036458333333333336
0 0.5787760416666666 0.5081018518518519 0.020182291666666668 0.027777777777777776
0 0.5823567708333334 0.43344907407407407 0.020182291666666668 0.034722222222222224
0 0.6233723958333334 0.5486111111111112 0.023763020833333332 0.04050925925925926
0 0.5703125 0.5341435185185185 0.021809895833333332 0.03993055555555555
0 0.6044921875 0.5208333333333334 0.017578125 0.029513888888888888
0 0.6305338541666666 0.5057870370370371 0.0185546875 0.03819444444444445
0 0.6513671875 0.4988425925925926 0.018880208333333332 0.04050925925925926
0 0.6409505208333334 0.5474537037037037 0.017252604166666668 0.03761574074074074
0 0.6832682291666666 0.5046296296296297 0.019205729166666668 0.034722222222222224
0 0.6761067708333334 0.5532407407407407 0.022135416666666668 0.037037037037037035
0 0.6787109375 0.5318287037037037 0.0185546875 0.02025462962962963
0 0.5804036458333334 0.5561342592592593 0.019205729166666668 0.03530092592592592
0 0.763671875 0.3350694444444444 0.037109375 0.05787037037037037
0 0.7975260416666666 0.3541666666666667 0.0390625 0.06886574074074074
0 0.7626953125 0.37905092592592593 0.0361328125 0.04976851851851852
0 0.7600911458333334 0.4056712962962963 0.035481770833333336 0.061342592592592594
0 0.7936197916666666 0.4050925925925926 0.035481770833333336 0.05439814814814815
0 0.7838541666666666 0.44039351851851855 0.037434895833333336 0.05092592592592592
0 0.8128255208333334 0.4675925925925926 0.038736979166666664 0.06018518518518518
0 0.7809244791666666 0.4826388888888889 0.040364583333333336 0.059027777777777776
0 0.8193359375 0.5173611111111112 0.039388020833333336 0.06076388888888889
0 0.7874348958333334 0.53125 0.044270833333333336 0.05844907407407408
0 0.7242838541666666 0.44733796296296297 0.036783854166666664 0.05555555555555555
0 0.7457682291666666 0.4699074074074074 0.041015625 0.06712962962962964
0 0.732421875 0.36342592592592593 0.030924479166666668 0.050347222222222224
0 0.7109375 0.4097222222222222 0.037760416666666664 0.05381944444444445
0 0.8372395833333334 0.37210648148148145 0.03125 0.05324074074074074
0 0.8570963541666666 0.3929398148148148 0.039713541666666664 0.05787037037037037
0 0.8447265625 0.41550925925925924 0.041015625 0.06655092592592593
0 0.8834635416666666 0.40625 0.0419921875 0.05787037037037037
0 0.9007161458333334 0.3773148148148148 0.042317708333333336 0.07002314814814815
0 0.9381510416666666 0.3680555555555556 0.0380859375 0.05960648148148148
0 0.9296875 0.44155092592592593 0.045247395833333336 0.07118055555555555
0 0.8990885416666666 0.4386574074074074 0.039713541666666664 0.08043981481481481
0 0.9690755208333334 0.4195601851851852 0.030598958333333332 0.061342592592592594
0 0.9697265625 0.4710648148148148 0.029947916666666668 0.050347222222222224
0 0.8541666666666666 0.4554398148148148 0.049479166666666664 0.0625
0 0.923828125 0.4976851851851852 0.045247395833333336 0.05092592592592592
0 0.8489583333333334 0.5052083333333334 0.0458984375 0.07349537037037036
0 0.9495442708333334 0.5248842592592593 0.047526041666666664 0.059027777777777776
0 0.9026692708333334 0.5214120370370371 0.033528645833333336 0.0630787037037037
0 0.0003255208333333333 0.9392361111111112 0.034830729166666664 0.06018518518518518
0 0.0126953125 0.8732638888888888 0.033528645833333336 0.06828703703703703
0 0.036783854166666664 0.9513888888888888 0.041666666666666664 0.04861111111111111
0 0.07649739583333333 0.9189814814814815 0.037434895833333336 0.06712962962962964
0 0.0966796875 0.9415509259259259 0.040690104166666664 0.05844907407407408
0 0.0498046875 0.8975694444444444 0.046223958333333336 0.05844907407407408
0 0.11588541666666667 0.8946759259259259 0.041666666666666664 0.06481481481481481
0 0.091796875 0.8767361111111112 0.044921875 0.05787037037037037
0 0.1416015625 0.8547453703703703 0.041015625 0.06539351851851852
0 0.125 0.8298611111111112 0.0419921875 0.0625
0 0.041341145833333336 0.8530092592592593 0.037434895833333336 0.06828703703703703
0 0.07682291666666667 0.8454861111111112 0.040364583333333336 0.06481481481481481
0 0.10970052083333333 0.8072916666666666 0.045247395833333336 0.05787037037037037
0 0.04296875 0.7876157407407407 0.044921875 0.052662037037037035
0 0.09798177083333333 0.7853009259259259 0.0380859375 0.05787037037037037
0 0.1396484375 0.7685185185185185 0.042643229166666664 0.0642361111111111
0 0.166015625 0.8055555555555556 0.030598958333333332 0.05381944444444445
0 0.17936197916666666 0.7552083333333334 0.029622395833333332 0.061342592592592594
0 0.15983072916666666 0.7424768518518519 0.040364583333333336 0.03877314814814815
0 0.11979166666666667 0.7488425925925926 0.040364583333333336 0.05960648148148148
0 0.08528645833333333 0.7494212962962963 0.038411458333333336 0.04976851851851852
0 0.061197916666666664 0.7424768518518519 0.033528645833333336 0.05844907407407408
0 0.0419921875 0.7418981481481481 0.033203125 0.043402777777777776
0 0.0322265625 0.7557870370370371 0.027018229166666668 0.056712962962962965
0 0.0 0.7488425925925926 0.033203125 0.0642361111111111
0 0.0 0.8159722222222222 0.029947916666666668 0.06944444444444445
0 0.22981770833333334 0.75 0.0439453125 0.05324074074074074
0 0.2760416666666667 0.7418981481481481 0.033854166666666664 0.056712962962962965
0 0.32421875 0.7436342592592593 0.037109375 0.0642361111111111
0 0.2880859375 0.7685185185185185 0.046223958333333336 0.0630787037037037
0 0.2962239583333333 0.8061342592592593 0.033203125 0.06828703703703703
0 0.2197265625 0.7934027777777778 0.033854166666666664 0.04513888888888889
0 0.19563802083333334 0.8177083333333334 0.041015625 0.06655092592592593
0 0.24479166666666666 0.7841435185185185 0.032877604166666664 0.05439814814814815
0 0.23828125 0.828125 0.041015625 0.05613425925925926
0 0.181640625 0.8732638888888888 0.0419921875 0.05092592592592592
0 0.23893229166666666 0.8709490740740741 0.0419921875 0.06365740740740741
0 0.2786458333333333 0.8587962962962963 0.046223958333333336 0.06886574074074074
0 0.2412109375 0.9241898148148148 0.04296875 0.05960648148148148
0 0.19889322916666666 0.9166666666666666 0.0361328125 0.05381944444444445
0 0.1708984375 0.9467592592592593 0.04296875 0.052662037037037035
0 0.20963541666666666 0.9484953703703703 0.037109375 0.05150462962962963
0 0.2623697916666667 0.9479166666666666 0.042643229166666664 0.05150462962962963
0 0.3011067708333333 0.9131944444444444 0.034830729166666664 0.06828703703703703
0 0.3193359375 0.8304398148148148 0.028971354166666668 0.06712962962962964
0 0.3264973958333333 0.7893518518518519 0.02734375 0.05960648148148148
0 0.3597005208333333 0.8391203703703703 0.035807291666666664 0.06655092592592593
0 0.3421223958333333 0.8923611111111112 0.0400390625 0.06828703703703703
0 0.3759765625 0.8894675925925926 0.038411458333333336 0.06712962962962964
0 0.3899739583333333 0.9230324074074074 0.042317708333333336 0.06886574074074074
0 0.3577473958333333 0.9427083333333334 0.0380859375 0.05613425925925926
0 0.9111328125 0.8975694444444444 0.0400390625 0.06365740740740741
0 0.9485677083333334 0.8969907407407407 0.036458333333333336 0.06365740740740741
0 0.94921875 0.9432870370370371 0.0380859375 0.050347222222222224
0 0.9169921875 0.9473379629629629 0.037434895833333336 0.052083333333333336
0 0.8190104166666666 0.8732638888888888 0.09114583333333333 0.1261574074074074
0 0.76953125 0.9322916666666666 0.056966145833333336 0.06712962962962964
0 0.7268880208333334 0.9461805555555556 0.048502604166666664 0.05324074074074074
0 0.7203776041666666 0.8836805555555556 0.054036458333333336 0.08333333333333333
0 0.7662760416666666 0.8460648148148148 0.043294270833333336 0.07928240740740741
0 0.7985026041666666 0.8252314814814815 0.04296875 0.0787037037037037
0 0.7112630208333334 0.8177083333333334 0.0439453125 0.0798611111111111
0 0.7408854166666666 0.7951388888888888 0.053385416666666664 0.078125
0 0.7047526041666666 0.75 0.046875 0.08043981481481481
0 0.7360026041666666 0.7471064814814815 0.046549479166666664 0.07407407407407407
0 0.7766927083333334 0.7488425925925926 0.06380208333333333 0.08043981481481481
0 0.4469401041666667 0.9120370370370371 0.06282552083333333 0.06597222222222222
0 0.5263671875 0.9143518518518519 0.058919270833333336 0.08333333333333333
0 0.5680338541666666 0.9172453703703703 0.055013020833333336 0.059027777777777776
0 0.6220703125 0.9039351851851852 0.034830729166666664 0.0954861111111111
0 0.66796875 0.9293981481481481 0.053059895833333336 0.07002314814814815
0 0.6722005208333334 0.7910879629629629 0.034505208333333336 0.10243055555555555
0 0.6474609375 0.8391203703703703 0.0322265625 0.09606481481481481
0 0.560546875 0.8703703703703703 0.055013020833333336 0.06481481481481481
0 0.6116536458333334 0.8715277777777778 0.036458333333333336 0.059027777777777776
0 0.5270182291666666 0.8570601851851852 0.041341145833333336 0.09085648148148148
0 0.4886067708333333 0.8616898148148148 0.0498046875 0.08275462962962964
0 0.4518229166666667 0.8628472222222222 0.041666666666666664 0.05497685185185185
0 0.4469401041666667 0.8043981481481481 0.0419921875 0.08738425925925926
0 0.4739583333333333 0.7974537037037037 0.0498046875 0.08217592592592593
0 0.5022786458333334 0.7667824074074074 0.06380208333333333 0.061342592592592594
0 0.5289713541666666 0.8148148148148148 0.047200520833333336 0.06365740740740741
0 0.5709635416666666 0.7644675925925926 0.033528645833333336 0.12152777777777778
0 0.5966796875 0.7471064814814815 0.030924479166666668 0.09664351851851852
0 0.6298828125 0.8194444444444444 0.0478515625 0.057291666666666664
0 0.6298828125 0.7881944444444444 0.044921875 0.04398148148148148
0 0.4720052083333333 0.7436342592592593 0.030598958333333332 0.06655092592592593
0 0.5592447916666666 0.7465277777777778 0.042317708333333336 0.05844907407407408
0 0.619140625 0.7447916666666666 0.0361328125 0.05960648148148148
0 0.6585286458333334 0.7465277777777778 0.035807291666666664 0.06481481481481481
0 0.6285807291666666 0.21180555555555555 0.0673828125 0.08854166666666667
0 0.8893229166666666 0.19444444444444445 0.08528645833333333 0.10706018518518519
0 0.6588541666666666 0.6626157407407407 0.072265625 0.08043981481481481
0 0.2513020833333333 0.6608796296296297 0.07682291666666667 0.08564814814814815
