0 0.04736371760500447 0.14066985645933014 0.07302438401634112 0.04038277511961722
0 0.00497893527384144 0.018373205741626795 0.07902463934635516 0.09875598086124401
0 0.09945104046980723 0.01799043062200957 0.07059874888293119 0.1077511961722488
0 0.20043406102387334 0.029282296650717705 0.07442869909357845 0.09167464114832535
0 0.21805183199285075 0.14124401913875598 0.073662709051449 0.038851674641148325
0 0.29388484616366656 0.026602870813397128 0.073662709051449 0.1031578947368421
0 0.35235541937954806 0.14047846889952154 0.07442869909357845 0.04019138755980861
0 0.4112089876164943 0.02200956937799043 0.052470317885867486 0.10086124401913876
0 0.4819354015064471 0.027751196172248804 0.07187539895314694 0.10047846889952153
0 0.5709179114004851 0.029473684210526315 0.0731520490233627 0.08421052631578947
0 0.5370866845397676 0.14028708133971293 0.0746840291076216 0.039043062200956935
0 0.6933486531341759 0.015885167464114832 0.043661432401378784 0.10258373205741626
0 0.7751819226350057 0.022392344497607655 0.05451295799821269 0.10047846889952153
0 0.8573981871569003 0.013588516746411483 0.06370483850376611 0.1016267942583732
0 0.7458189710200434 0.13913875598086126 0.08655687476062811 0.03980861244019139
0 0.9434444018894421 0.03291866028708134 0.05642793310353632 0.08822966507177034
0 0.9313162262223924 0.13856459330143542 0.06830077875654283 0.0415311004784689
0 0.8668453976764968 0.5318660287081339 0.049661687731392824 0.03923444976076555
0 0.5438529299119111 0.5320574162679426 0.08693986978169284 0.03961722488038277
0 0.49265926209625943 0.5312918660287081 0.049661687731392824 0.041913875598086126
0 0.6416443252904379 0.9276555023923445 0.07608834418485894 0.04133971291866029
0 0.350568109281246 0.9234449760765551 0.09689774032937572 0.04746411483253588
0 0.07327971403038427 0.9207655502392345 0.050810672794587 0.053205741626794256
0 0.012128175667049662 0.5326315789473685 0.04953402272437125 0.042488038277511964
0 0.0006383250351078769 0.001339712918660287 0.09089748499936168 0.12976076555023924
0 0.08604621473254181 0.0015311004784688996 0.09408911017490106 0.12880382775119617
0 0.1913698455253415 0.0003827751196172249 0.09115281501340483 0.1295693779904306
0 0.2880122558406741 0.0011483253588516747 0.08642920975360653 0.12976076555023924
0 0.3831226860717477 0.0 0.08834418485893017 0.13014354066985645
0 0.47491382612026045 0.0009569377990430622 0.08693986978169284 0.12803827751196173
0 0.5636410060002554 0.0003827751196172249 0.08923783990808119 0.12880382775119617
0 0.6559428060768543 0.0007655502392344498 0.0897484999361675 0.1278468899521531
0 0.7496489212306907 0.0005741626794258373 0.09013149495723222 0.1295693779904306
0 0.8416953912932466 0.0007655502392344498 0.0887271798799949 0.12861244019138757
0 0.9316992212434572 0.0009569377990430622 0.0679177837354781 0.12880382775119617
0 0.0 0.42354066985645933 0.12651602195838121 0.09244019138755981
0 0.10302566066641133 0.31521531100478467 0.1378782075833014 0.11004784688995216
0 0.11285586620707264 0.42526315789473684 0.13264394229541682 0.09129186602870813
0 0.25635133409932337 0.42105263157894735 0.12421805183199285 0.095311004784689
0 0.37163283543980596 0.21818181818181817 0.1291969871058343 0.1077511961722488
0 0.37559045065747476 0.32688995215311006 0.12766500702157538 0.09952153110047847
0 0.37890974084003576 0.4260287081339713 0.1260053619302949 0.09129186602870813
0 0.5068300778756543 0.32248803827751193 0.12089876164943189 0.10220095693779904
0 0.5093833780160858 0.4254545454545455 0.12000510660028087 0.09090909090909091
0 0.6259415294267842 0.3203827751196172 0.12166475169156134 0.10736842105263159
0 0.6292608196093451 0.42851674641148324 0.11974977658623771 0.0878468899521531
0 0.7431380058725903 0.2166507177033493 0.12255840674071238 0.10736842105263159
0 0.7472232860972807 0.32421052631578945 0.12064343163538874 0.09952153110047847
0 0.7488829311885612 0.42392344497607654 0.11974977658623771 0.09186602870813397
0 0.8682497127537342 0.215311004784689 0.12204774671262607 0.11368421052631579
0 0.8552278820375335 0.24516746411483253 0.036384527001148984 0.08210526315789474
0 0.8687603727818205 0.32803827751196174 0.12255840674071238 0.09837320574162679
0 0.8697816928379931 0.427177033492823 0.12089876164943189 0.08937799043062201
0 0.0 0.6026794258373206 0.08885484488701646 0.1320574162679426
0 0.0 0.7029665071770335 0.09140814502744797 0.12248803827751197
0 0.06664113366526235 0.6775119617224881 0.05272564789991063 0.10909090909090909
0 0.00012766500702157538 0.8026794258373205 0.09421677518192263 0.11444976076555025
0 0.07391803906549214 0.7864114832535886 0.04940635771734968 0.09454545454545454
0 0.082982254564024 0.6026794258373206 0.14068683773777607 0.11253588516746411
0 0.09332312013277161 0.7000956937799043 0.13251627728839524 0.12019138755980861
0 0.0960040852802247 0.8001913875598086 0.13162262223924423 0.11789473684210526
0 0.20209370611515384 0.7691866028708134 0.03893782714158049 0.05014354066985646
0 0.2527767139027193 0.5915789473684211 0.11962211157921614 0.10488038277511962
0 0.24562747350951103 0.6824880382775119 0.1234520617898634 0.10909090909090909
0 0.21766883697178604 0.7996172248803828 0.13775054257627983 0.11712918660287082
0 0.3620579599131878 0.6066985645933014 0.12204774671262607 0.11712918660287082
0 0.36435593003957617 0.7069856459330144 0.12051576662836716 0.11291866028708133
0 0.3639729350185114 0.8024880382775119 0.12089876164943189 0.11406698564593301
0 0.4810417464572961 0.6026794258373206 0.11974977658623771 0.11559808612440191
0 0.4901059619558279 0.704688995215311 0.11745180645984936 0.11502392344497607
0 0.4887016468785906 0.8063157894736842 0.12153708668453976 0.11349282296650717
0 0.600408528022469 0.6047846889952153 0.12319673177582025 0.11578947368421053
0 0.6101110685561087 0.703732057416268 0.11949444657219456 0.11617224880382775
0 0.6120260436614324 0.8066985645933015 0.12051576662836716 0.11177033492822966
0 0.7317758202476701 0.8080382775119618 0.12153708668453976 0.1123444976076555
0 0.7274352100089365 0.7018181818181818 0.1182177965019788 0.11770334928229666
0 0.7276905400229797 0.5946411483253589 0.1037916507085408 0.08478468899521531
0 0.8631431124728712 0.7067942583732058 0.12881399208476957 0.11349282296650717
0 0.8651857525852163 0.8084210526315789 0.12957998212689903 0.11043062200956938
0 0.9522532873739308 0.5978947368421053 0.047619047619047616 0.09358851674641148
0 0.9665517681603473 0.6796172248803828 0.0326822417975233 0.1029665071770335
0 0.9692327333078004 0.764976076555024 0.030511936678156517 0.06028708133971292
0 0.8531852419251883 0.6822966507177034 0.10902591599642537 0.10411483253588517
