0 0.3072916666666667 0.4255952380952381 0.05530753968253968 0.06878306878306878
0 0.32663690476190477 0.49206349206349204 0.0496031746031746 0.06646825396825397
0 0.40401785714285715 0.48677248677248675 0.04538690476190476 0.06084656084656084
0 0.439484126984127 0.482473544973545 0.040674603174603176 0.05654761904761905
0 0.4027777777777778 0.4126984126984127 0.03869047619047619 0.025793650793650792
0 0.04836309523809524 0.8101851851851852 0.07936507936507936 0.08895502645502645
0 0.000496031746031746 0.8809523809523809 0.0763888888888889 0.09292328042328042
0 0.0 0.7443783068783069 0.06473214285714286 0.08961640211640212
0 0.1307043650793651 0.7833994708994709 0.06870039682539683 0.08498677248677249
0 0.2452876984126984 0.7132936507936508 0.06299603174603174 0.08101851851851852
0 0.18774801587301587 0.7390873015873016 0.06398809523809523 0.08134920634920635
0 0.17385912698412698 0.8184523809523809 0.060515873015873016 0.07936507936507936
0 0.022817460317460316 0.7238756613756614 0.06101190476190476 0.049933862433862435
0 0.03273809523809524 0.771494708994709 0.06721230158730158 0.0763888888888889
0 0.20064484126984128 0.6772486772486772 0.05580357142857143 0.06514550264550265
0 0.08779761904761904 0.707010582010582 0.043402777777777776 0.05952380952380952
0 0.24107142857142858 0.6693121693121693 0.03521825396825397 0.049933862433862435
0 0.16393849206349206 0.7175925925925926 0.04985119047619048 0.06514550264550265
0 0.000248015873015873 0.22288359788359788 0.018849206349206348 0.07837301587301587
0 0.01314484126984127 0.22288359788359788 0.07490079365079365 0.07506613756613757
0 0.000744047619047619 0.14914021164021163 0.06125992063492063 0.08035714285714286
0 0.1892361111111111 0.12863756613756613 0.056299603174603176 0.06415343915343916
0 0.36507936507936506 0.25727513227513227 0.04712301587301587 0.06316137566137567
0 0.4025297619047619 0.25892857142857145 0.04563492063492063 0.06415343915343916
0 0.44072420634920634 0.2665343915343915 0.03993055555555555 0.05853174603174603
0 0.35367063492063494 0.19113756613756613 0.044642857142857144 0.06911375661375661
0 0.3246527777777778 0.6937830687830688 0.051587301587301584 0.06580687830687831
0 0.40476190476190477 0.666005291005291 0.0441468253968254 0.06481481481481481
0 0.4149305555555556 0.7291666666666666 0.043402777777777776 0.06183862433862434
0 0.36532738095238093 0.6775793650793651 0.048859126984126984 0.06712962962962964
0 0.439484126984127 0.656415343915344 0.04265873015873016 0.06316137566137567
0 0.3854166666666667 0.6478174603174603 0.03670634920634921 0.03571428571428571
0 0.41691468253968256 0.638558201058201 0.03844246031746032 0.035383597883597885
0 0.4446924603174603 0.6038359788359788 0.031001984126984128 0.040013227513227514
0 0.32837301587301587 0.6474867724867724 0.03249007936507937 0.026785714285714284
0 0.3635912698412698 0.6378968253968254 0.03249007936507937 0.02447089947089947
0 0.40128968253968256 0.6286375661375662 0.028273809523809524 0.02513227513227513
0 0.48660714285714285 0.6990740740740741 0.03298611111111111 0.04861111111111111
0 0.47842261904761907 0.6590608465608465 0.030753968253968252 0.04365079365079365
0 0.5141369047619048 0.7073412698412699 0.026785714285714284 0.045304232804232805
0 0.5069444444444444 0.6693121693121693 0.020337301587301588 0.04332010582010582
0 0.5243055555555556 0.6749338624338624 0.025049603174603176 0.04133597883597884
0 0.5416666666666666 0.6990740740740741 0.027529761904761904 0.042328042328042326
0 0.5615079365079365 0.6967592592592593 0.028769841269841268 0.035383597883597885
0 0.5550595238095238 0.6607142857142857 0.03273809523809524 0.04265873015873016
0 0.4905753968253968 0.6200396825396826 0.016865079365079364 0.0291005291005291
0 0.5875496031746031 0.6197089947089947 0.03695436507936508 0.05026455026455026
0 0.5642361111111112 0.5995370370370371 0.035962301587301584 0.042328042328042326
0 0.6138392857142857 0.611441798941799 0.030753968253968252 0.04828042328042328
0 0.6063988095238095 0.6633597883597884 0.02703373015873016 0.046957671957671955
0 0.6242559523809523 0.6534391534391535 0.03149801587301587 0.05191798941798942
0 0.6334325396825397 0.6038359788359788 0.029265873015873016 0.04894179894179894
0 0.6455853174603174 0.6438492063492064 0.032242063492063495 0.05291005291005291
0 0.6557539682539683 0.6015211640211641 0.027777777777777776 0.04728835978835979
0 0.5902777777777778 0.5942460317460317 0.03149801587301587 0.0248015873015873
0 0.6081349206349206 0.5843253968253969 0.02976190476190476 0.027447089947089946
0 0.6304563492063492 0.5853174603174603 0.027529761904761904 0.022486772486772486
0 0.6696428571428571 0.6421957671957672 0.02628968253968254 0.041005291005291
0 0.6912202380952381 0.6359126984126984 0.025297619047619048 0.042328042328042326
0 0.6870039682539683 0.5995370370370371 0.03125 0.035383597883597885
0 0.7080853174603174 0.6306216931216931 0.023561507936507936 0.040013227513227514
0 0.7202380952380952 0.605489417989418 0.028521825396825396 0.037698412698412696
0 0.6974206349206349 0.5787037037037037 0.030753968253968252 0.035383597883597885
0 0.6527777777777778 0.5687830687830688 0.022817460317460316 0.02546296296296296
0 0.6356646825396826 0.5757275132275133 0.024305555555555556 0.01917989417989418
0 0.6728670634920635 0.5859788359788359 0.022321428571428572 0.021494708994708994
0 0.7286706349206349 0.5863095238095238 0.021825396825396824 0.028769841269841268
0 0.7090773809523809 0.5687830687830688 0.021577380952380952 0.021164021164021163
0 0.7457837301587301 0.6183862433862434 0.018105158730158732 0.03571428571428571
0 0.47767857142857145 0.46494708994708994 0.03050595238095238 0.05257936507936508
0 0.46304563492063494 0.4298941798941799 0.03125 0.046296296296296294
0 0.5158730158730159 0.41898148148148145 0.028273809523809524 0.03902116402116402
0 0.4799107142857143 0.4001322751322751 0.028025793650793652 0.03505291005291005
0 0.5047123015873016 0.3998015873015873 0.027777777777777776 0.02546296296296296
0 0.5339781746031746 0.4130291005291005 0.025049603174603176 0.035383597883597885
0 0.49231150793650796 0.4401455026455027 0.025049603174603176 0.020833333333333332
0 0.5525793650793651 0.44246031746031744 0.018601190476190476 0.01521164021164021
0 0.5865575396825397 0.4166666666666667 0.038938492063492064 0.047619047619047616
0 0.6051587301587301 0.4619708994708995 0.03249007936507937 0.0496031746031746
0 0.5652281746031746 0.4083994708994709 0.03298611111111111 0.04398148148148148
0 0.6192956349206349 0.419973544973545 0.02703373015873016 0.04728835978835979
0 0.6294642857142857 0.4646164021164021 0.028025793650793652 0.04497354497354497
0 0.6316964285714286 0.4117063492063492 0.03521825396825397 0.05026455026455026
0 0.6473214285714286 0.4573412698412698 0.030009920634920636 0.0496031746031746
0 0.6619543650793651 0.41435185185185186 0.025297619047619048 0.04828042328042328
0 0.6716269841269841 0.45965608465608465 0.024057539682539684 0.04365079365079365
0 0.6158234126984127 0.4064153439153439 0.023561507936507936 0.016534391534391533
0 0.5947420634920635 0.40906084656084657 0.024057539682539684 0.01488095238095238
0 0.691468253968254 0.45535714285714285 0.026785714285714284 0.045965608465608467
0 0.7075892857142857 0.45271164021164023 0.02703373015873016 0.041666666666666664
0 0.7098214285714286 0.42857142857142855 0.030753968253968252 0.046957671957671955
0 0.7361111111111112 0.45205026455026454 0.028521825396825396 0.04133597883597884
0 0.6822916666666666 0.42063492063492064 0.014384920634920634 0.03571428571428571
0 0.6879960317460317 0.41798941798941797 0.023313492063492064 0.03935185185185185
0 0.716765873015873 0.41534391534391535 0.030753968253968252 0.03736772486772487
0 0.7065972222222222 0.40343915343915343 0.019593253968253968 0.017857142857142856
0 0.6897321428571429 0.4054232804232804 0.024305555555555556 0.02546296296296296
0 0.8157242063492064 0.39616402116402116 0.02554563492063492 0.04332010582010582
0 0.8551587301587301 0.44146825396825395 0.017361111111111112 0.021825396825396824
0 0.8720238095238095 0.43617724867724866 0.025297619047619048 0.028769841269841268
0 0.9025297619047619 0.43584656084656087 0.014384920634920634 0.026455026455026454
0 0.9129464285714286 0.4037698412698413 0.016865079365079364 0.027447089947089946
0 0.9005456349206349 0.38855820105820105 0.027529761904761904 0.012896825396825396
0 0.9176587301587301 0.4305555555555556 0.01711309523809524 0.028769841269841268
0 0.9273313492063492 0.40343915343915343 0.011904761904761904 0.02513227513227513
0 0.933531746031746 0.42757936507936506 0.016617063492063492 0.028439153439153438
0 0.9310515873015873 0.3968253968253968 0.020337301587301588 0.027777777777777776
0 0.9444444444444444 0.42162698412698413 0.02132936507936508 0.02943121693121693
0 0.9575892857142857 0.419973544973545 0.016617063492063492 0.031746031746031744
0 0.9605654761904762 0.4117063492063492 0.023561507936507936 0.034722222222222224
0 0.9868551587301587 0.39384920634920634 0.012648809523809524 0.017857142857142856
0 0.9861111111111112 0.41369047619047616 0.013888888888888888 0.023148148148148147
0 0.9675099206349206 0.4007936507936508 0.018353174603174604 0.018518518518518517
0 0.9476686507936508 0.39351851851851855 0.017609126984126984 0.0248015873015873
0 0.9593253968253969 0.38326719576719576 0.017857142857142856 0.01455026455026455
0 0.9799107142857143 0.38293650793650796 0.014632936507936508 0.009259259259259259
0 0.9831349206349206 0.42394179894179895 0.010912698412698412 0.021825396825396824
0 0.5634920634920635 0.23445767195767195 0.027281746031746032 0.0248015873015873
0 0.5845734126984127 0.23578042328042328 0.040674603174603176 0.05291005291005291
0 0.6031746031746031 0.28703703703703703 0.023313492063492064 0.045304232804232805
0 0.6215277777777778 0.28935185185185186 0.03125 0.04365079365079365
0 0.6460813492063492 0.2919973544973545 0.028769841269841268 0.04431216931216931
0 0.6674107142857143 0.29563492063492064 0.025049603174603176 0.04265873015873016
0 0.6163194444444444 0.23677248677248677 0.02703373015873016 0.05423280423280423
0 0.6371527777777778 0.2447089947089947 0.024057539682539684 0.0496031746031746
0 0.6547619047619048 0.2490079365079365 0.02554563492063492 0.045965608465608467
0 0.11259920634920635 0.003968253968253968 0.05853174603174603 0.05489417989417989
0 0.3308531746031746 0.0667989417989418 0.044642857142857144 0.04265873015873016
0 0.4915674603174603 0.11574074074074074 0.031994047619047616 0.03373015873015873
0 0.6207837301587301 0.15443121693121692 0.021825396825396824 0.031084656084656083
0 0.701140873015873 0.1412037037037037 0.049107142857142856 0.06613756613756613
0 0.7839781746031746 0.20105820105820105 0.01711309523809524 0.021825396825396824
0 0.8469742063492064 0.21858465608465608 0.014384920634920634 0.021494708994708994
0 0.8893849206349206 0.23313492063492064 0.012152777777777778 0.016534391534391533
0 0.9250992063492064 0.24371693121693122 0.008928571428571428 0.013227513227513227
0 0.9610615079365079 0.25396825396825395 0.008432539682539682 0.013888888888888888
0 0.988343253968254 0.26256613756613756 0.00818452380952381 0.011574074074074073
0 0.3697916666666667 0.3386243386243386 0.04241071428571429 0.03273809523809524
0 0.5044642857142857 0.5522486772486772 0.030753968253968252 0.0248015873015873
0 0.6302083333333334 0.5353835978835979 0.016121031746031748 0.021825396825396824
0 0.6202876984126984 0.34854497354497355 0.0220734126984127 0.0248015873015873
0 0.703125 0.3237433862433862 0.04985119047619048 0.047619047619047616
0 0.7802579365079365 0.3541666666666667 0.013392857142857142 0.017857142857142856
0 0.8876488095238095 0.3558201058201058 0.009424603174603174 0.01488095238095238
0 0.9223710317460317 0.35813492063492064 0.011408730158730158 0.010912698412698412
0 0.9610615079365079 0.3587962962962963 0.008680555555555556 0.011243386243386243
0 0.9885912698412699 0.35978835978835977 0.00818452380952381 0.010582010582010581
0 0.988343253968254 0.4576719576719577 0.007688492063492063 0.011574074074074073
0 0.9580853174603174 0.46395502645502645 0.009672619047619048 0.012896825396825396
0 0.8881448412698413 0.47784391534391535 0.008928571428571428 0.013558201058201057
0 0.8315972222222222 0.4646164021164021 0.03794642857142857 0.04398148148148148
0 0.7802579365079365 0.49933862433862436 0.015873015873015872 0.01984126984126984
0 0.5322420634920635 0.7638888888888888 0.03050595238095238 0.03406084656084656
0 0.6277281746031746 0.7261904761904762 0.018849206349206348 0.027777777777777776
0 0.7157738095238095 0.6888227513227513 0.018849206349206348 0.023809523809523808
0 0.8340773809523809 0.6349206349206349 0.01314484126984127 0.018518518518518517
0 0.8643353174603174 0.6207010582010583 0.01066468253968254 0.016865079365079364
0 0.9575892857142857 0.5767195767195767 0.00744047619047619 0.015873015873015872
0 0.7509920634920635 0.919973544973545 0.0339781746031746 0.02976190476190476
0 0.9208829365079365 0.7404100529100529 0.0496031746031746 0.036044973544973546
0 0.6875 0.296957671957672 0.02628968253968254 0.03869047619047619
0 0.7078373015873016 0.3002645502645503 0.025793650793650792 0.03571428571428571
0 0.7348710317460317 0.3012566137566138 0.027281746031746032 0.037698412698412696
0 0.7090773809523809 0.27215608465608465 0.028769841269841268 0.03505291005291005
0 0.7256944444444444 0.25992063492063494 0.028521825396825396 0.03835978835978836
0 0.6696428571428571 0.24338624338624337 0.019097222222222224 0.03306878306878307
0 0.7509920634920635 0.2698412698412698 0.017857142857142856 0.0333994708994709
0 0.7718253968253969 0.30357142857142855 0.024305555555555556 0.0333994708994709
0 0.7904265873015873 0.30787037037037035 0.021825396825396824 0.0333994708994709
0 0.8053075396825397 0.30952380952380953 0.01984126984126984 0.03373015873015873
0 0.7653769841269841 0.27215608465608465 0.018105158730158732 0.03306878306878307
0 0.7946428571428571 0.2781084656084656 0.018849206349206348 0.02943121693121693
0 0.8092757936507936 0.2748015873015873 0.018601190476190476 0.034722222222222224
0 0.8268849206349206 0.2824074074074074 0.024553571428571428 0.031746031746031744
0 0.8239087301587301 0.3098544973544973 0.017857142857142856 0.03207671957671958
0 0.8380456349206349 0.3115079365079365 0.01984126984126984 0.031746031746031744
0 0.855406746031746 0.3148148148148148 0.020089285714285716 0.02976190476190476
0 0.8472222222222222 0.28505291005291006 0.020337301587301588 0.037037037037037035
0 0.8137400793650794 0.26455026455026454 0.023561507936507936 0.021494708994708994
0 0.8606150793650794 0.2814153439153439 0.023313492063492064 0.0333994708994709
0 0.8797123015873016 0.28703703703703703 0.010416666666666666 0.03009259259259259
0 0.9176587301587301 0.2943121693121693 0.015873015873015872 0.0248015873015873
0 0.9243551587301587 0.32142857142857145 0.011408730158730158 0.023809523809523808
0 0.9471726190476191 0.31712962962962965 0.014136904761904762 0.018849206349206348
0 0.9568452380952381 0.31646825396825395 0.013640873015873016 0.031746031746031744
0 0.9677579365079365 0.32043650793650796 0.010912698412698412 0.026785714285714284
0 0.9660218253968254 0.30324074074074076 0.016121031746031748 0.023478835978835978
0 0.9895833333333334 0.3296957671957672 0.00992063492063492 0.02017195767195767
0 0.7693452380952381 0.5628306878306878 0.02554563492063492 0.036375661375661374
0 0.7284226190476191 0.5615079365079365 0.025297619047619048 0.03273809523809524
0 0.7457837301587301 0.5539021164021164 0.020337301587301588 0.020833333333333332
0 0.7847222222222222 0.5575396825396826 0.024057539682539684 0.03835978835978836
0 0.8040674603174603 0.5793650793650794 0.02554563492063492 0.037698412698412696
0 0.8794642857142857 0.5601851851851852 0.026785714285714284 0.021164021164021163
0 0.8963293650793651 0.5582010582010583 0.018353174603174604 0.017526455026455025
0 0.8898809523809523 0.52744708994709 0.020089285714285716 0.032407407407407406
0 0.9032738095238095 0.5248015873015873 0.016121031746031748 0.030753968253968252
0 0.9176587301587301 0.48644179894179895 0.02628968253968254 0.028108465608465607
0 0.9392361111111112 0.5347222222222222 0.023065476190476192 0.016865079365079364
0 0.9161706349206349 0.5515873015873016 0.012896825396825396 0.016865079365079364
0 0.4724702380952381 0.061507936507936505 0.027281746031746032 0.044642857142857144
0 0.5818452380952381 0.046957671957671955 0.039186507936507936 0.0539021164021164
0 0.46130952380952384 0.8796296296296297 0.21726190476190477 0.12003968253968254
0 0.7678571428571429 0.6653439153439153 0.0920138888888889 0.08101851851851852
0 0.9732142857142857 0.6332671957671958 0.026785714285714284 0.06746031746031746
0 0.29464285714285715 0.4173280423280423 0.034970238095238096 0.05853174603174603
0 0.7787698412698413 0.7278439153439153 0.062003968253968256 0.04794973544973545
0 0.11135912698412699 0.5287698412698413 0.05704365079365079 0.07903439153439154
0 0.7537202380952381 0.4031084656084656 0.011408730158730158 0.01455026455026455
0 0.22941468253968253 0.7962962962962963 0.053323412698412696 0.07605820105820106
0 0.2770337301587302 0.7738095238095238 0.05109126984126984 0.08068783068783068
0 0.10143849206349206 0.7457010582010583 0.06845238095238096 0.07804232804232804
0 0.12003968253968254 0.6683201058201058 0.06473214285714286 0.07572751322751323
0 0.09821428571428571 0.23115079365079366 0.054811507936507936 0.07738095238095238
0 0.10168650793650794 0.17195767195767195 0.06696428571428571 0.08101851851851852
0 0.16666666666666666 0.18353174603174602 0.061755952380952384 0.07407407407407407
0 0.22470238095238096 0.19874338624338625 0.05282738095238095 0.06911375661375661
0 0.18303571428571427 0.1583994708994709 0.05580357142857143 0.05357142857142857
0 0.13616071428571427 0.16435185185185186 0.04513888888888889 0.04662698412698413
0 0.9784226190476191 0.3058862433862434 0.010912698412698412 0.021494708994708994
0 0.986359126984127 0.30654761904761907 0.013392857142857142 0.020833333333333332
0 0.7872023809523809 0.593584656084656 0.030753968253968252 0.041666666666666664
0 0.792906746031746 0.5466269841269841 0.025297619047619048 0.03571428571428571
0 0.8606150793650794 0.6091269841269841 0.0 0.0
0 0.8365575396825397 0.5710978835978836 0.023561507936507936 0.03968253968253968
0 0.8427579365079365 0.5400132275132276 0.018849206349206348 0.03869047619047619
0 0.9506448412698413 0.5066137566137566 0.019345238095238096 0.028108465608465607
0 0.935515873015873 0.5095899470899471 0.02132936507936508 0.028439153439153438
0 0.9677579365079365 0.48842592592592593 0.024057539682539684 0.026124338624338623
0 0.8239087301587301 0.5178571428571429 0.021577380952380952 0.02546296296296296
0 0.6803075396825397 0.5641534391534392 0.028273809523809524 0.025793650793650792
0 0.5069444444444444 0.5998677248677249 0.02976190476190476 0.040013227513227514
0 0.5458829365079365 0.6279761904761905 0.03794642857142857 0.03439153439153439
0 0.5751488095238095 0.6547619047619048 0.029017857142857144 0.041005291005291
0 0.5357142857142857 0.6081349206349206 0.025049603174603176 0.032407407407407406
0 0.11755952380952381 0.4451058201058201 0.07490079365079365 0.08862433862433862
0 0.18700396825396826 0.45072751322751325 0.056299603174603176 0.0744047619047619
0 0.23859126984126985 0.45271164021164023 0.052083333333333336 0.06580687830687831
0 0.3913690476190476 0.4269179894179894 0.04290674603174603 0.062169312169312166
0 0.4273313492063492 0.42394179894179895 0.04241071428571429 0.06084656084656084
0 0.000496031746031746 0.44113756613756616 0.04241071428571429 0.03670634920634921
0 0.44320436507936506 0.4060846560846561 0.025793650793650792 0.028439153439153438
0 0.33606150793650796 0.7516534391534392 0.04935515873015873 0.06779100529100529
0 0.38318452380952384 0.7400793650793651 0.042162698412698416 0.06878306878306878
0 0.000248015873015873 0.8177910052910053 0.02554563492063492 0.08068783068783068
0 0.25744047619047616 0.25033068783068785 0.04935515873015873 0.06084656084656084
0 0.20560515873015872 0.24933862433862433 0.05406746031746032 0.06084656084656084
0 0.06498015873015874 0.1693121693121693 0.051835317460317464 0.06382275132275132
0 0.45882936507936506 0.23809523809523808 0.013888888888888888 0.0291005291005291
0 0.46106150793650796 0.20403439153439154 0.036210317460317464 0.046296296296296294
0 0.4756944444444444 0.24338624338624337 0.03844246031746032 0.05092592592592592
0 0.48735119047619047 0.28869047619047616 0.031001984126984128 0.040013227513227514
0 0.5089285714285714 0.24933862433862433 0.033234126984126984 0.04861111111111111
0 0.503968253968254 0.2175925925925926 0.0339781746031746 0.03869047619047619
0 0.5337301587301587 0.24603174603174602 0.03373015873015873 0.05555555555555555
0 0.5168650793650794 0.29563492063492064 0.020833333333333332 0.03373015873015873
0 0.5372023809523809 0.2926587301587302 0.028025793650793652 0.03406084656084656
0 0.5639880952380952 0.2876984126984127 0.03050595238095238 0.03736772486772487
0 0.49503968253968256 0.20205026455026456 0.03249007936507937 0.03736772486772487
0 0.53125 0.640542328042328 0.030753968253968252 0.041005291005291
0 0.5017361111111112 0.6279761904761905 0.029265873015873016 0.046957671957671955
0 0.4704861111111111 0.6339285714285714 0.029513888888888888 0.035383597883597885
0 0.4503968253968254 0.642526455026455 0.018353174603174604 0.017857142857142856
0 0.000496031746031746 0.458994708994709 0.03373015873015873 0.08068783068783068
0 0.14781746031746032 0.24173280423280424 0.06671626984126984 0.06845238095238096
0 0.935515873015873 0.5945767195767195 0.05381944444444445 0.05026455026455026
0 0.9340277777777778 0.3237433862433862 0.015376984126984126 0.023478835978835978
0 0.9407242063492064 0.29927248677248675 0.020089285714285716 0.01951058201058201
0 0.949156746031746 0.2906746031746032 0.015376984126984126 0.011243386243386243
0 0.7673611111111112 0.6001984126984127 0.031994047619047616 0.04265873015873016
0 0.7651289682539683 0.5505952380952381 0.015625 0.018187830687830687
0 0.7760416666666666 0.546957671957672 0.01314484126984127 0.016534391534391533
0 0.7098214285714286 0.5519179894179894 0.02058531746031746 0.021494708994708994
0 0.7289186507936508 0.5426587301587301 0.026785714285714284 0.022486772486772486
0 0.9508928571428571 0.531415343915344 0.020833333333333332 0.018849206349206348
0 0.591765873015873 0.08961640211640212 0.022321428571428572 0.04828042328042328
0 0.910218253968254 0.17592592592592593 0.00992063492063492 0.028769841269841268
0 0.6354166666666666 0.8187830687830688 0.1433531746031746 0.12797619047619047
0 0.8162202380952381 0.5558862433862434 0.027281746031746032 0.032407407407407406
0 0.8534226190476191 0.5674603174603174 0.020089285714285716 0.03935185185185185
0 0.8147321428571429 0.5337301587301587 0.029265873015873016 0.03207671957671958
0 0.8722718253968254 0.519510582010582 0.024057539682539684 0.017857142857142856
0 0.8921130952380952 0.49702380952380953 0.022817460317460316 0.03141534391534392
0 0.9126984126984127 0.5201719576719577 0.01711309523809524 0.03306878306878307
0 0.9637896825396826 0.5261243386243386 0.015873015873015872 0.018187830687830687
0 0.9236111111111112 0.5125661375661376 0.018849206349206348 0.027777777777777776
0 0.9672619047619048 0.5066137566137566 0.023809523809523808 0.022817460317460316
0 0.35267857142857145 0.007605820105820105 0.04141865079365079 0.061507936507936505
0 0.4253472222222222 0.027116402116402115 0.04117063492063492 0.06183862433862434
0 0.39831349206349204 0.0 0.040426587301587304 0.02976190476190476
0 0.35987103174603174 0.0006613756613756613 0.03670634920634921 0.016865079365079364
0 0.49677579365079366 0.040674603174603176 0.03249007936507937 0.04662698412698413
0 0.5012400793650794 0.010582010582010581 0.030257936507936508 0.037037037037037035
0 0.6175595238095238 0.056878306878306875 0.02976190476190476 0.049933862433862435
0 0.6577380952380952 0.11375661375661375 0.025297619047619048 0.04298941798941799
0 0.6984126984126984 0.10218253968253968 0.02976190476190476 0.03505291005291005
0 0.7470238095238095 0.11904761904761904 0.028521825396825396 0.03141534391534392
0 0.8459821428571429 0.7037037037037037 0.07614087301587301 0.11574074074074074
0 0.6351686507936508 0.10681216931216932 0.028273809523809524 0.04794973544973545
0 0.6659226190476191 0.09193121693121693 0.034970238095238096 0.040013227513227514
0 0.6763392857142857 0.12367724867724868 0.024305555555555556 0.03736772486772487
0 0.8221726190476191 0.15013227513227514 0.017857142857142856 0.026124338624338623
0 0.8516865079365079 0.13690476190476192 0.026785714285714284 0.031084656084656083
0 0.8670634920634921 0.167989417989418 0.026041666666666668 0.026785714285714284
0 0.9072420634920635 0.20006613756613756 0.012152777777777778 0.0291005291005291
0 0.980406746031746 0.20667989417989419 0.011904761904761904 0.0248015873015873
0 0.6433531746031746 0.7417328042328042 0.11433531746031746 0.12003968253968254
0 0.8777281746031746 0.6537698412698413 0.08010912698412699 0.08763227513227513
0 0.034722222222222224 0.5271164021164021 0.0744047619047619 0.08597883597883597
0 0.030257936507936508 0.4470899470899471 0.07192460317460317 0.08002645502645503
0 0.000496031746031746 0.542989417989418 0.03819444444444445 0.08366402116402116
0 0.16790674603174602 0.5191798941798942 0.057787698412698416 0.0763888888888889
0 0.2204861111111111 0.5119047619047619 0.053323412698412696 0.07341269841269842
0 0.22842261904761904 0.4103835978835979 0.05952380952380952 0.062169312169312166
0 0.18601190476190477 0.42592592592592593 0.046130952380952384 0.04365079365079365
0 0.26959325396825395 0.5095899470899471 0.04861111111111111 0.06712962962962964
0 0.3559027777777778 0.4246031746031746 0.043402777777777776 0.06712962962962964
0 0.3695436507936508 0.49404761904761907 0.04117063492063492 0.056878306878306875
0 0.05555555555555555 0.15542328042328044 0.04141865079365079 0.02943121693121693
0 0.3087797619047619 0.18551587301587302 0.051835317460317464 0.07208994708994709
0 0.3318452380952381 0.2552910052910053 0.038938492063492064 0.061507936507936505
0 0.39186507936507936 0.19477513227513227 0.043154761904761904 0.06514550264550265
0 0.43179563492063494 0.2099867724867725 0.027529761904761904 0.05787037037037037
0 0.2867063492063492 0.1841931216931217 0.03447420634920635 0.05357142857142857
0 0.27232142857142855 0.1875 0.018353174603174604 0.034722222222222224
0 0.5632440476190477 0.2443783068783069 0.027777777777777776 0.052248677248677246
0 0.5295138888888888 0.20833333333333334 0.027529761904761904 0.042328042328042326
0 0.453125 0.7139550264550265 0.03968253968253968 0.059854497354497355
0 0.30357142857142855 0.6706349206349206 0.049107142857142856 0.05886243386243386
0 0.3462301587301587 0.6567460317460317 0.041914682539682536 0.03835978835978836
0 0.2867063492063492 0.656084656084656 0.039186507936507936 0.0419973544973545
0 0.7869543650793651 0.6527777777777778 0.015873015873015872 0.02017195767195767
0 0.9853670634920635 0.5651455026455027 0.006944444444444444 0.013558201058201057
0 0.6795634920634921 0.2681878306878307 0.03249007936507937 0.03571428571428571
0 0.7514880952380952 0.4103835978835979 0.030753968253968252 0.0419973544973545
0 0.7743055555555556 0.44841269841269843 0.027777777777777776 0.037037037037037035
0 0.8578869047619048 0.4044312169312169 0.024305555555555556 0.031084656084656083
0 0.8797123015873016 0.4021164021164021 0.022817460317460316 0.03273809523809524
0 0.8980654761904762 0.4031084656084656 0.017609126984126984 0.03042328042328042
0 0.8893849206349206 0.43452380952380953 0.017609126984126984 0.028439153439153438
0 0.8864087301587301 0.289021164021164 0.013888888888888888 0.03042328042328042
0 0.8936011904761905 0.2847222222222222 0.015376984126984126 0.031084656084656083
0 0.9045138888888888 0.289021164021164 0.01488095238095238 0.0291005291005291
0 0.9300595238095238 0.29728835978835977 0.015873015873015872 0.026455026455026454
0 0.8824404761904762 0.3194444444444444 0.01711309523809524 0.026785714285714284
0 0.8965773809523809 0.3191137566137566 0.011408730158730158 0.027116402116402115
0 0.9047619047619048 0.32175925925925924 0.01314484126984127 0.023478835978835978
0 0.9191468253968254 0.3244047619047619 0.007688492063492063 0.021825396825396824
0 0.7730654761904762 0.1259920634920635 0.019593253968253968 0.031084656084656083
0 0.7839781746031746 0.15608465608465608 0.018849206349206348 0.034722222222222224
0 0.8020833333333334 0.1359126984126984 0.018353174603174604 0.036044973544973546
0 0.8365575396825397 0.15443121693121692 0.015128968253968254 0.0248015873015873
0 0.8348214285714286 0.17923280423280424 0.017857142857142856 0.028439153439153438
0 0.888640873015873 0.1974206349206349 0.010168650793650794 0.023809523809523808
0 0.9873511904761905 0.23247354497354497 0.011904761904761904 0.022156084656084655
0 0.9729662698412699 0.2294973544973545 0.01240079365079365 0.021825396825396824
0 0.22643849206349206 0.904431216931217 0.24057539682539683 0.09457671957671958
0 0.7971230158730159 0.7632275132275133 0.046875 0.07903439153439154
0 0.08308531746031746 0.42592592592592593 0.06225198412698413 0.08035714285714286
0 0.511656746031746 0.45965608465608465 0.033234126984126984 0.044642857142857144
0 0.4972718253968254 0.4930555555555556 0.027777777777777776 0.037037037037037035
0 0.5262896825396826 0.48908730158730157 0.031746031746031744 0.041005291005291
0 0.542906746031746 0.4503968253968254 0.029017857142857144 0.04332010582010582
0 0.5545634920634921 0.48743386243386244 0.0220734126984127 0.035383597883597885
0 0.5659722222222222 0.45436507936507936 0.022321428571428572 0.03869047619047619
0 0.5734126984126984 0.48644179894179895 0.023561507936507936 0.031746031746031744
0 0.39955357142857145 0.7754629629629629 0.2326388888888889 0.18882275132275134
0 0.3916170634920635 0.0205026455026455 0.03943452380952381 0.06084656084656084
0 0.24578373015873015 0.0006613756613756613 0.04836309523809524 0.025793650793650792
0 0.47098214285714285 0.007605820105820105 0.034722222222222224 0.046957671957671955
0 0.5384424603174603 0.08895502645502645 0.03546626984126984 0.03869047619047619
0 0.4836309523809524 0.0 0.030753968253968252 0.02414021164021164
0 0.5208333333333334 0.012235449735449735 0.020089285714285716 0.03835978835978836
0 0.5389384920634921 0.044642857142857144 0.021825396825396824 0.041005291005291
0 0.5523313492063492 0.03935185185185185 0.031746031746031744 0.047619047619047616
0 0.611359126984127 0.09722222222222222 0.029017857142857144 0.04794973544973545
0 0.6458333333333334 0.07076719576719577 0.019345238095238096 0.045304232804232805
0 0.8539186507936508 0.18386243386243387 0.025297619047619048 0.034722222222222224
0 0.8960813492063492 0.1960978835978836 0.013640873015873016 0.03009259259259259
0 0.7512400793650794 0.7496693121693122 0.05109126984126984 0.10383597883597884
0 0.8950892857142857 0.16964285714285715 0.017857142857142856 0.03406084656084656
0 0.7899305555555556 0.4441137566137566 0.022321428571428572 0.03869047619047619
0 0.8048115079365079 0.44113756613756616 0.0248015873015873 0.03670634920634921
0 0.777281746031746 0.4113756613756614 0.0220734126984127 0.037037037037037035
0 0.7938988095238095 0.4083994708994709 0.01984126984126984 0.03968253968253968
0 0.7316468253968254 0.4041005291005291 0.02132936507936508 0.023478835978835978
0 0.7998511904761905 0.38425925925925924 0.018601190476190476 0.020833333333333332
0 0.3298611111111111 0.0013227513227513227 0.02976190476190476 0.056878306878306875
0 0.7884424603174603 0.13128306878306878 0.018105158730158732 0.030753968253968252
0 0.7983630952380952 0.16335978835978837 0.026537698412698412 0.036044973544973546
0 0.8395337301587301 0.39880952380952384 0.021577380952380952 0.04861111111111111
0 0.8234126984126984 0.44146825396825395 0.02058531746031746 0.034722222222222224
0 0.8452380952380952 0.4401455026455027 0.011656746031746032 0.02546296296296296
0 0.7254464285714286 0.10945767195767196 0.014632936507936508 0.03571428571428571
0 0.8715277777777778 0.53505291005291 0.025297619047619048 0.028769841269841268
0 0.8462301587301587 0.5300925925925926 0.025297619047619048 0.027447089947089946
0 0.9231150793650794 0.5472883597883598 0.013888888888888888 0.017526455026455025
0 0.9303075396825397 0.5413359788359788 0.01711309523809524 0.018518518518518517
0 0.5260416666666666 0.044642857142857144 0.026537698412698412 0.047619047619047616
0 0.9553571428571429 0.19940476190476192 0.024305555555555556 0.028439153439153438
0 0.9533730158730159 0.21263227513227514 0.020089285714285716 0.03009259259259259
0 0.9208829365079365 0.18584656084656084 0.015128968253968254 0.022486772486772486
0 0.9193948412698413 0.2046957671957672 0.010416666666666666 0.027116402116402115
0 0.9293154761904762 0.21064814814814814 0.017609126984126984 0.02414021164021164
0 0.9315476190476191 0.1775793650793651 0.018849206349206348 0.03009259259259259
0 0.9501488095238095 0.18882275132275134 0.009672619047619048 0.023148148148148147
0 0.9422123015873016 0.21263227513227514 0.00992063492063492 0.02414021164021164
0 0.8402777777777778 0.5152116402116402 0.026041666666666668 0.017857142857142856
0 0.8472222222222222 0.15873015873015872 0.016865079365079364 0.022817460317460316
0 0.9213789682539683 0.6607142857142857 0.06547619047619048 0.06547619047619048
0 0.9010416666666666 0.6150793650793651 0.06696428571428571 0.05125661375661376
0 0.7787698412698413 0.27744708994708994 0.01984126984126984 0.03009259259259259
0 0.75 0.5701058201058201 0.030753968253968252 0.03802910052910053
0 0.980406746031746 0.3296957671957672 0.010168650793650794 0.01984126984126984
