0 0.023977433004231313 0.03554868624420402 0.03385049365303244 0.10200927357032458
0 0.057122708039492244 0.0401854714064915 0.023977433004231313 0.09582689335394126
0 0.08110014104372355 0.03709428129829984 0.02679830747531735 0.09891808346213292
0 0.1368124118476728 0.03863987635239567 0.031029619181946404 0.09582689335394126
0 0.16784203102961917 0.03709428129829984 0.028913963328631876 0.09582689335394126
0 0.19675599435825106 0.03709428129829984 0.029619181946403384 0.09428129829984544
0 0.22637517630465445 0.03709428129829984 0.029619181946403384 0.09428129829984544
0 0.2559943582510578 0.03709428129829984 0.029619181946403384 0.09582689335394126
0 0.2856135401974612 0.03554868624420402 0.029619181946403384 0.09582689335394126
0 0.3159379407616361 0.03709428129829984 0.028913963328631876 0.09582689335394126
0 0.3455571227080395 0.03709428129829984 0.03244005641748942 0.09428129829984544
0 0.382228490832158 0.04173106646058733 0.02679830747531735 0.09119010819165378
0 0.4090267983074753 0.04327666151468315 0.02609308885754584 0.08809891808346214
0 0.5190409026798307 0.04173106646058733 0.02679830747531735 0.09119010819165378
0 0.5564174894217208 0.04173106646058733 0.02538787023977433 0.09119010819165378
0 0.6318758815232722 0.07418856259659969 0.02538787023977433 0.08346213292117466
0 0.6572637517630465 0.07573415765069552 0.023977433004231313 0.080370942812983
0 0.6798307475317349 0.0695517774343122 0.02468265162200282 0.0865533230293663
0 0.7059238363892807 0.07264296754250386 0.02468265162200282 0.08191653786707882
0 0.731311706629055 0.07264296754250386 0.02468265162200282 0.08500772797527048
0 0.7559943582510579 0.0695517774343122 0.02468265162200282 0.0865533230293663
0 0.7813822284908322 0.06646058732612056 0.02468265162200282 0.08809891808346214
0 0.807475317348378 0.06491499227202473 0.02609308885754584 0.09119010819165378
0 0.8321579689703809 0.07264296754250386 0.02468265162200282 0.08500772797527048
0 0.027503526093088856 0.15765069551777433 0.028208744710860368 0.08964451313755796
0 0.05500705218617771 0.15765069551777433 0.031029619181946404 0.08964451313755796
0 0.08744710860366714 0.15919629057187018 0.028208744710860368 0.08964451313755796
0 0.11636107193229901 0.15919629057187018 0.028913963328631876 0.08809891808346214
0 0.1473906911142454 0.16846986089644514 0.031029619181946404 0.08964451313755796
0 0.1755994358251058 0.1731066460587326 0.0232722143864598 0.08500772797527048
0 0.2002820874471086 0.16692426584234932 0.022566995768688293 0.09119010819165378
0 0.22073342736248236 0.17156105100463678 0.028913963328631876 0.0865533230293663
0 0.25035260930888575 0.16846986089644514 0.023977433004231313 0.08964451313755796
0 0.26657263751763044 0.1545595054095827 0.03314527503526093 0.10200927357032458
0 0.29830747531734836 0.1561051004636785 0.030324400564174896 0.1035548686244204
0 0.32792665726375175 0.17001545595054096 0.03244005641748942 0.08964451313755796
0 0.36459802538787023 0.15919629057187018 0.020451339915373765 0.10046367851622875
0 0.385049365303244 0.1561051004636785 0.029619181946403384 0.09119010819165378
0 0.4400564174894217 0.160741885625966 0.029619181946403384 0.0865533230293663
0 0.47531734837799716 0.1561051004636785 0.014809590973201692 0.09119010819165378
0 0.498589562764457 0.15765069551777433 0.023977433004231313 0.08964451313755796
0 0.5507757404795487 0.1561051004636785 0.029619181946403384 0.09119010819165378
0 0.5796897038081805 0.1561051004636785 0.028208744710860368 0.09119010819165378
0 0.6064880112834978 0.16537867078825347 0.02609308885754584 0.08346213292117466
0 0.6318758815232722 0.2009273570324575 0.023977433004231313 0.07882534775888717
0 0.6558533145275035 0.19165378670788252 0.02538787023977433 0.0865533230293663
0 0.6812411847672779 0.19165378670788252 0.023977433004231313 0.08809891808346214
0 0.7545839210155149 0.18856259659969088 0.023977433004231313 0.08964451313755796
0 0.7792665726375176 0.19165378670788252 0.02538787023977433 0.08809891808346214
0 0.8053596614950634 0.19783616692426584 0.02468265162200282 0.08346213292117466
0 0.8307475317348378 0.19938176197836166 0.023977433004231313 0.08346213292117466
0 0.8533145275035261 0.19629057187017002 0.027503526093088856 0.08346213292117466
0 0.028208744710860368 0.2890262751159196 0.027503526093088856 0.05564142194744977
0 0.05500705218617771 0.2890262751159196 0.028913963328631876 0.0571870170015456
0 0.0846262341325811 0.28593508500772796 0.02679830747531735 0.061823802163833076
0 0.11142454160789844 0.2828438948995363 0.02679830747531735 0.06491499227202473
0 0.1382228490832158 0.29984544049459044 0.047954866008462625 0.03709428129829984
0 0.1861777150916784 0.29057187017001546 0.04442877291960508 0.04482225656877898
0 0.2842031029619182 0.28593508500772796 0.0465444287729196 0.05100463678516229
0 0.3307475317348378 0.2874806800618238 0.045839210155148094 0.04945904173106646
0 0.42736248236953456 0.2642967542503864 0.028208744710860368 0.08191653786707882
0 0.45698166431593795 0.26584234930448225 0.02609308885754584 0.08191653786707882
0 0.48166431593794073 0.26584234930448225 0.028208744710860368 0.08346213292117466
0 0.5119887165021156 0.2642967542503864 0.028913963328631876 0.08346213292117466
0 0.5409026798307476 0.2642967542503864 0.028913963328631876 0.08346213292117466
0 0.5705218617771509 0.2642967542503864 0.028208744710860368 0.08346213292117466
0 0.5994358251057827 0.26275115919629055 0.028208744710860368 0.08500772797527048
0 0.027503526093088856 0.3956723338485317 0.0232722143864598 0.021638330757341576
0 0.02679830747531735 0.41731066460587324 0.02468265162200282 0.02472952086553323
0 0.05148095909732017 0.3956723338485317 0.038787023977433006 0.02472952086553323
0 0.05148095909732017 0.41731066460587324 0.038787023977433006 0.021638330757341576
0 0.09097320169252468 0.3755795981452859 0.039492242595204514 0.021638330757341576
0 0.09097320169252468 0.3972179289026275 0.039492242595204514 0.02009273570324575
0 0.09097320169252468 0.41731066460587324 0.04160789844851904 0.021638330757341576
0 0.1311706629055007 0.37248840803709427 0.05007052186177715 0.04327666151468315
0 0.18406205923836388 0.3740340030911901 0.04866008462623413 0.04173106646058733
0 0.23272214386459802 0.3740340030911901 0.05007052186177715 0.0401854714064915
0 0.2827926657263752 0.3740340030911901 0.047954866008462625 0.04327666151468315
0 0.3321579689703808 0.3740340030911901 0.04936530324400564 0.04173106646058733
0 0.02679830747531735 0.48377125193199383 0.028208744710860368 0.023183925811437404
0 0.02679830747531735 0.5069551777434312 0.028208744710860368 0.021638330757341576
0 0.054301833568406205 0.5069551777434312 0.04160789844851904 0.021638330757341576
0 0.054301833568406205 0.4853168469860896 0.04160789844851904 0.021638330757341576
0 0.057122708039492244 0.4667697063369397 0.038787023977433006 0.01854714064914992
0 0.09590973201692525 0.4853168469860896 0.04090267983074753 0.021638330757341576
0 0.09661495063469676 0.5069551777434312 0.04090267983074753 0.023183925811437404
0 0.02609308885754584 0.5595054095826894 0.028208744710860368 0.02009273570324575
0 0.02609308885754584 0.5780525502318392 0.027503526093088856 0.01854714064914992
0 0.02609308885754584 0.5965996908809892 0.028208744710860368 0.02009273570324575
0 0.05500705218617771 0.5595054095826894 0.03596614950634697 0.021638330757341576
0 0.056417489421720736 0.598145285935085 0.03455571227080395 0.02009273570324575
0 0.0923836389280677 0.5564142194744977 0.04090267983074753 0.023183925811437404
0 0.09379407616361073 0.5795981452859351 0.039492242595204514 0.01854714064914992
0 0.0923836389280677 0.598145285935085 0.04019746121297602 0.021638330757341576
0 0.14456981664315938 0.4528593508500773 0.0465444287729196 0.04173106646058733
0 0.1918194640338505 0.45131375579598143 0.04866008462623413 0.04173106646058733
0 0.24118476727785615 0.4574961360123648 0.031029619181946404 0.03709428129829984
0 0.27221438645980256 0.4528593508500773 0.03314527503526093 0.0401854714064915
0 0.306064880112835 0.4528593508500773 0.03314527503526093 0.04173106646058733
0 0.33991537376586745 0.4528593508500773 0.036671368124118475 0.04173106646058733
0 0.382228490832158 0.3740340030911901 0.027503526093088856 0.0865533230293663
0 0.4097320169252468 0.3740340030911901 0.02679830747531735 0.08809891808346214
0 0.4379407616361072 0.3802163833075734 0.02609308885754584 0.07882534775888717
0 0.46544428772919605 0.3786707882534776 0.028208744710860368 0.080370942812983
0 0.4936530324400564 0.37712519319938176 0.02609308885754584 0.08346213292117466
0 0.5472496473906912 0.3755795981452859 0.027503526093088856 0.08346213292117466
0 0.5754583921015515 0.37248840803709427 0.02679830747531735 0.0865533230293663
0 0.6015514809590973 0.3755795981452859 0.029619181946403384 0.08346213292117466
0 0.41819464033850495 0.5131375579598145 0.01692524682651622 0.04945904173106646
0 0.4710860366713681 0.5131375579598145 0.01692524682651622 0.04945904173106646
0 0.48871650211565587 0.5131375579598145 0.01763046544428773 0.04945904173106646
0 0.5063469675599436 0.4992272024729521 0.01763046544428773 0.0633693972179289
0 0.5423131170662906 0.4992272024729521 0.018335684062059238 0.0633693972179289
0 0.5606488011283498 0.4992272024729521 0.01692524682651622 0.0633693972179289
0 0.5782792665726375 0.4992272024729521 0.01692524682651622 0.0633693972179289
0 0.5959097320169252 0.4992272024729521 0.01763046544428773 0.0633693972179289
0 0.6142454160789845 0.4992272024729521 0.01763046544428773 0.0633693972179289
0 0.38716502115655854 0.598145285935085 0.021156558533145273 0.05409582689335394
0 0.4097320169252468 0.5873261205564142 0.03314527503526093 0.03400309119010819
0 0.4097320169252468 0.6197836166924265 0.03385049365303244 0.03400309119010819
0 0.44851904090267986 0.5904173106646059 0.03244005641748942 0.030911901081916538
0 0.44781382228490835 0.6213292117465224 0.03385049365303244 0.030911901081916538
0 0.4908321579689704 0.5935085007727975 0.028208744710860368 0.02936630602782071
0 0.48589562764456984 0.6228748068006182 0.03455571227080395 0.030911901081916538
0 0.5232722143864598 0.58887171561051 0.03314527503526093 0.03245749613601236
0 0.5232722143864598 0.6213292117465224 0.03314527503526093 0.03245749613601236
0 0.5634696755994358 0.5935085007727975 0.030324400564174896 0.02627511591962906
0 0.5606488011283498 0.6197836166924265 0.03385049365303244 0.03400309119010819
0 0.5980253878702397 0.58887171561051 0.03455571227080395 0.03400309119010819
0 0.5133991537376587 0.7109737248840804 0.03314527503526093 0.030911901081916538
0 0.47320169252468264 0.6769706336939721 0.031029619181946404 0.03400309119010819
0 0.4703808180535966 0.7109737248840804 0.03385049365303244 0.030911901081916538
0 0.4287729196050776 0.6816074188562596 0.03314527503526093 0.02936630602782071
0 0.4287729196050776 0.7109737248840804 0.03314527503526093 0.03245749613601236
0 0.3935119887165021 0.6831530139103554 0.028208744710860368 0.027820710973724884
0 0.29760225669957685 0.5332302936630603 0.020451339915373765 0.08346213292117466
0 0.2764456981664316 0.5332302936630603 0.020451339915373765 0.08346213292117466
0 0.25176304654442877 0.5502318392581144 0.02468265162200282 0.06800618238021638
0 0.22637517630465445 0.5517774343122102 0.02468265162200282 0.06646058732612056
0 0.20310296191819463 0.5595054095826894 0.0232722143864598 0.05873261205564142
0 0.17983074753173484 0.5471406491499228 0.022566995768688293 0.07109737248840804
0 0.16713681241184766 0.6537867078825348 0.028913963328631876 0.08809891808346214
0 0.19605077574047955 0.6537867078825348 0.028208744710860368 0.08809891808346214
0 0.22637517630465445 0.6537867078825348 0.028208744710860368 0.08809891808346214
0 0.2552891396332863 0.6553323029366306 0.028913963328631876 0.08809891808346214
0 0.28702397743300423 0.6553323029366306 0.028208744710860368 0.08964451313755796
0 0.32087447108603667 0.6553323029366306 0.028913963328631876 0.08809891808346214
0 0.34978843441466856 0.6553323029366306 0.029619181946403384 0.08809891808346214
0 0.05289139633286319 0.7959814528593508 0.030324400564174896 0.07418856259659969
0 0.08180535966149506 0.80370942812983 0.04019746121297602 0.0633693972179289
0 0.12482369534555712 0.7805255023183926 0.029619181946403384 0.08809891808346214
0 0.15444287729196052 0.7820710973724884 0.027503526093088856 0.0865533230293663
0 0.18335684062059238 0.7820710973724884 0.02679830747531735 0.08809891808346214
0 0.21156558533145275 0.7805255023183926 0.02538787023977433 0.08964451313755796
0 0.23695345557122707 0.7805255023183926 0.028208744710860368 0.09119010819165378
0 0.2644569816643159 0.7805255023183926 0.028208744710860368 0.09273570324574962
0 0.2933709449929478 0.7805255023183926 0.028913963328631876 0.09273570324574962
0 0.3222849083215797 0.7805255023183926 0.027503526093088856 0.09273570324574962
0 0.34978843441466856 0.7805255023183926 0.028913963328631876 0.09119010819165378
0 0.37870239774330045 0.7789799072642968 0.027503526093088856 0.09273570324574962
0 0.40691114245416077 0.7789799072642968 0.027503526093088856 0.09428129829984544
0 0.43511988716502115 0.7789799072642968 0.028208744710860368 0.09428129829984544
0 0.578984485190409 0.7789799072642968 0.027503526093088856 0.09428129829984544
0 0.6064880112834978 0.7789799072642968 0.028913963328631876 0.09428129829984544
0 0.650916784203103 0.31530139103554866 0.01763046544428773 0.07727975270479134
0 0.6318758815232722 0.44049459041731065 0.031029619181946404 0.05409582689335394
0 0.6325811001410437 0.5440494590417311 0.027503526093088856 0.030911901081916538
0 0.6325811001410437 0.6599690880989181 0.028913963328631876 0.061823802163833076
0 0.6622002820874471 0.6584234930448223 0.029619181946403384 0.0633693972179289
0 0.7214386459802539 0.6599690880989181 0.027503526093088856 0.061823802163833076
0 0.7496473906911142 0.6584234930448223 0.028913963328631876 0.061823802163833076
0 0.7792665726375176 0.6568778979907264 0.0232722143864598 0.02936630602782071
0 0.7792665726375176 0.6862442040185471 0.023977433004231313 0.03400309119010819
0 0.8039492242595204 0.6568778979907264 0.0232722143864598 0.02936630602782071
0 0.8039492242595204 0.6862442040185471 0.023977433004231313 0.03400309119010819
0 0.8293370944992948 0.6584234930448223 0.0232722143864598 0.02936630602782071
0 0.8286318758815233 0.6877897990726429 0.023977433004231313 0.03245749613601236
0 0.8526093088857546 0.6877897990726429 0.02609308885754584 0.03245749613601236
0 0.6692524682651622 0.31530139103554866 0.01763046544428773 0.07727975270479134
0 0.688293370944993 0.31530139103554866 0.01763046544428773 0.07727975270479134
0 0.7059238363892807 0.3168469860896445 0.01904090267983075 0.07573415765069552
0 0.7263751763046544 0.31839258114374036 0.01763046544428773 0.07573415765069552
0 0.7454160789844851 0.2982998454404946 0.027503526093088856 0.09428129829984544
0 0.7722143864598026 0.29984544049459044 0.030324400564174896 0.09273570324574962
0 0.8025387870239774 0.29675425038639874 0.03526093088857546 0.09428129829984544
0 0.8441466854724965 0.29675425038639874 0.03385049365303244 0.09582689335394126
0 0.6953455571227081 0.44049459041731065 0.030324400564174896 0.05409582689335394
0 0.7270803949224259 0.4435857805255023 0.029619181946403384 0.05100463678516229
0 0.7566995768688294 0.44513137557959814 0.03173483779971791 0.04945904173106646
0 0.7877291960507757 0.446676970633694 0.03173483779971791 0.04791344667697063
0 0.8187588152327221 0.446676970633694 0.03173483779971791 0.04791344667697063
0 0.8504936530324401 0.446676970633694 0.03173483779971791 0.04791344667697063
0 0.6332863187588152 0.5734157650695518 0.027503526093088856 0.03400309119010819
0 0.691114245416079 0.5425038639876353 0.028208744710860368 0.03245749613601236
0 0.6918194640338505 0.5749613601236476 0.02679830747531735 0.03400309119010819
0 0.7207334273624824 0.5425038639876353 0.028208744710860368 0.03245749613601236
0 0.7221438645980254 0.5734157650695518 0.027503526093088856 0.03554868624420402
0 0.7517630465444288 0.5440494590417311 0.02609308885754584 0.03245749613601236
0 0.7806770098730607 0.5425038639876353 0.02609308885754584 0.03245749613601236
0 0.8152327221438646 0.5765069551777434 0.028208744710860368 0.03245749613601236
0 0.8497884344146686 0.5765069551777434 0.028913963328631876 0.03245749613601236
0 0.6354019746121298 0.7743431221020093 0.028913963328631876 0.0973724884080371
0 0.6636107193229901 0.7727975270479135 0.028208744710860368 0.09891808346213292
0 0.692524682651622 0.7743431221020093 0.027503526093088856 0.0973724884080371
0 0.7207334273624824 0.7619783616692427 0.02468265162200282 0.10973724884080371
0 0.7990126939351199 0.7666151468315301 0.02538787023977433 0.10510046367851623
0 0.8251057827926658 0.7650695517774343 0.02679830747531735 0.10819165378670788
0 0.8511988716502116 0.768160741885626 0.02538787023977433 0.10510046367851623
0 0.8758815232722144 0.7666151468315301 0.07263751763046544 0.0571870170015456
0 0.8913963328631875 0.7032457496136012 0.0232722143864598 0.01854714064914992
0 0.918194640338505 0.7094281298299846 0.0232722143864598 0.010819165378670788
0 0.8984485190409027 0.6924265842349304 0.0232722143864598 0.010819165378670788
0 0.883638928067701 0.0865533230293663 0.022566995768688293 0.080370942812983
0 0.9062059238363893 0.08346213292117466 0.021156558533145273 0.07573415765069552
0 0.9287729196050776 0.08191653786707882 0.02609308885754584 0.10200927357032458
0 0.9541607898448519 0.0865533230293663 0.021861777150916785 0.12364760432766615
0 0.9760225669957687 0.09273570324574962 0.020451339915373765 0.11901081916537867
0 0.889280677009873 0.2117465224111283 0.014809590973201692 0.04173106646058733
0 0.8794076163610719 0.5579598145285936 0.03737658674188998 0.1143740340030912
0 0.9492242595204513 0.5471406491499228 0.02468265162200282 0.09582689335394126
0 0.9449929478138223 0.6800618238021638 0.028208744710860368 0.0401854714064915
0 0.9774330042313117 0.7867078825347759 0.021861777150916785 0.0695517774343122
0 0.9760225669957687 0.6707882534775889 0.0232722143864598 0.07418856259659969
0 0.28772919605077574 0.13446676970633695 0.013399153737658674 0.013910355486862442
0 0.38716502115655854 0.1375579598145286 0.013399153737658674 0.012364760432766615
0 0.9837799717912553 0.0695517774343122 0.012693935119887164 0.015455950540958269
0 0.9188998589562765 0.19783616692426584 0.011283497884344146 0.013910355486862442
0 0.92524682651622 0.7248840803709428 0.012693935119887164 0.012364760432766615
0 0.9012693935119888 0.874806800618238 0.0232722143864598 0.03400309119010819
0 0.7214386459802539 0.8763523956723338 0.012693935119887164 0.013910355486862442
0 0.6403385049365303 0.874806800618238 0.012693935119887164 0.013910355486862442
0 0.385049365303244 0.8732612055641422 0.012693935119887164 0.013910355486862442
0 0.29901269393511987 0.8732612055641422 0.012693935119887164 0.013910355486862442
0 0.13469675599435826 0.8717156105100463 0.013399153737658674 0.04327666151468315
0 0.23272214386459802 0.2982998454404946 0.05148095909732017 0.03709428129829984
0 0.3152327221438646 0.7449768160741885 0.012693935119887164 0.03554868624420402
0 0.38645980253878703 0.7418856259659969 0.012693935119887164 0.03709428129829984
0 0.6339915373765868 0.2828438948995363 0.012693935119887164 0.013910355486862442
0 0.7087447108603667 0.3972179289026275 0.011988716502115656 0.012364760432766615
0 0.8201692524682651 0.6120556414219475 0.012693935119887164 0.012364760432766615
0 0.23483779971791255 0.3384853168469861 0.013399153737658674 0.03863987635239567
0 0.05218617771509168 0.5316846986089645 0.011988716502115656 0.012364760432766615
0 0.6946403385049366 0.6120556414219475 0.012693935119887164 0.012364760432766615
0 0.5959097320169252 0.5656877897990726 0.012693935119887164 0.012364760432766615
0 0.5401974612129761 0.5672333848531684 0.012693935119887164 0.012364760432766615
0 0.3899858956276446 0.5687789799072643 0.007757404795486601 0.00927357032457496
0 0.5126939351198871 0.34930448222565685 0.011988716502115656 0.04173106646058733
0 0.05500705218617771 0.6228748068006182 0.012693935119887164 0.012364760432766615
0 0.08956276445698166 0.6228748068006182 0.012693935119887164 0.012364760432766615
0 0.1375176304654443 0.6228748068006182 0.012693935119887164 0.010819165378670788
0 0.20803949224259521 0.6228748068006182 0.012693935119887164 0.012364760432766615
0 0.23413258110014104 0.42040185471406494 0.011988716502115656 0.010819165378670788
0 0.5980253878702397 0.6228748068006182 0.03314527503526093 0.030911901081916538
0 0.5930888575458392 0.6816074188562596 0.03526093088857546 0.030911901081916538
0 0.5521861777150917 0.7109737248840804 0.03385049365303244 0.03245749613601236
0 0.3815232722143865 0.5131375579598145 0.01763046544428773 0.04945904173106646
0 0.3998589562764457 0.5131375579598145 0.01763046544428773 0.04945904173106646
0 0.43582510578279265 0.5131375579598145 0.01692524682651622 0.04945904173106646
0 0.4534555712270804 0.5131375579598145 0.01692524682651622 0.04945904173106646
0 0.5246826516220028 0.4992272024729521 0.01692524682651622 0.0633693972179289
0 0.9280677009873061 0.5347758887171561 0.010578279266572637 0.017001545595054096
0 0.8942172073342737 0.5363214837712519 0.010578279266572637 0.015455950540958269
0 0.9026798307475318 0.723338485316847 0.012693935119887164 0.015455950540958269
0 0.8815232722143864 0.7248840803709428 0.012693935119887164 0.013910355486862442
0 0.9633286318758815 0.874806800618238 0.014104372355430184 0.015455950540958269
0 0.8025387870239774 0.874806800618238 0.013399153737658674 0.015455950540958269
0 0.5232722143864598 0.7449768160741885 0.011988716502115656 0.03554868624420402
0 0.28984485190409026 0.3400309119010819 0.011988716502115656 0.010819165378670788
0 0.7517630465444288 0.5780525502318392 0.02679830747531735 0.03245749613601236
0 0.8152327221438646 0.5440494590417311 0.028208744710860368 0.03245749613601236
0 0.1389280677009873 0.42040185471406494 0.012693935119887164 0.010819165378670788
0 0.43723554301833567 0.13446676970633695 0.012693935119887164 0.013910355486862442
0 0.5035260930888575 0.13446676970633695 0.012693935119887164 0.013910355486862442
0 0.9139633286318759 0.06800618238021638 0.011283497884344146 0.01854714064914992
0 0.892101551480959 0.19783616692426584 0.007052186177715092 0.015455950540958269
0 0.9668547249647391 0.19783616692426584 0.009873060648801129 0.017001545595054096
0 0.9915373765867419 0.33539412673879443 0.005641748942172073 0.012364760432766615
0 0.961212976022567 0.3323029366306028 0.011283497884344146 0.017001545595054096
0 0.9259520451339915 0.33384853168469864 0.009873060648801129 0.015455950540958269
0 0.892101551480959 0.33539412673879443 0.011988716502115656 0.013910355486862442
0 0.961212976022567 0.5363214837712519 0.010578279266572637 0.015455950540958269
0 0.9534555712270804 0.723338485316847 0.012693935119887164 0.013910355486862442
0 0.6346967559943583 0.7248840803709428 0.012693935119887164 0.013910355486862442
0 0.031029619181946404 0.35239567233384855 0.011988716502115656 0.010819165378670788
0 0.09661495063469676 0.5332302936630603 0.011988716502115656 0.010819165378670788
0 0.5126939351198871 0.678516228748068 0.03314527503526093 0.03245749613601236
0 0.38857545839210156 0.7109737248840804 0.03455571227080395 0.030911901081916538
0 0.3603667136812412 0.5332302936630603 0.021156558533145273 0.08500772797527048
0 0.3392101551480959 0.5332302936630603 0.021156558533145273 0.08500772797527048
0 0.31875881523272215 0.5332302936630603 0.020451339915373765 0.08500772797527048
0 0.15585331452750353 0.5517774343122102 0.022566995768688293 0.06646058732612056
0 0.13469675599435826 0.5548686244204019 0.021861777150916785 0.0633693972179289
0 0.0232722143864598 0.6537867078825348 0.027503526093088856 0.09891808346213292
0 0.04866008462623413 0.652241112828439 0.02609308885754584 0.10200927357032458
0 0.0768688293370945 0.6491499227202473 0.02609308885754584 0.10510046367851623
0 0.10296191819464035 0.6460587326120556 0.03455571227080395 0.10664605873261206
0 0.13963328631875882 0.6537867078825348 0.027503526093088856 0.0865533230293663
0 0.6622002820874471 0.5440494590417311 0.027503526093088856 0.02936630602782071
0 0.7461212976022567 0.7619783616692427 0.02468265162200282 0.10973724884080371
0 0.8801128349788434 0.8253477588871716 0.06981664315937941 0.04636785162287481
0 0.9499294781382228 0.7758887171561051 0.0232722143864598 0.09582689335394126
0 0.49647390691114246 0.8686244204018547 0.014104372355430184 0.02009273570324575
0 0.1389280677009873 0.3400309119010819 0.012693935119887164 0.012364760432766615
0 0.09802538787023977 0.4435857805255023 0.011283497884344146 0.010819165378670788
0 0.9132581100141044 0.21020092735703247 0.01763046544428773 0.04482225656877898
0 0.961212976022567 0.21483771251931993 0.014809590973201692 0.11746522411128284
0 0.9816643159379408 0.21947449768160743 0.01763046544428773 0.11591962905718702
0 0.5620592383638928 0.1375579598145286 0.012693935119887164 0.012364760432766615
0 0.7172073342736248 0.15919629057187018 0.012693935119887164 0.012364760432766615
0 0.8321579689703809 0.723338485316847 0.012693935119887164 0.013910355486862442
0 0.18899858956276447 0.26120556414219476 0.012693935119887164 0.012364760432766615
0 0.4992947813822285 0.250386398763524 0.011988716502115656 0.010819165378670788
0 0.6770098730606487 0.28438948995363217 0.011988716502115656 0.012364760432766615
0 0.8265162200282088 0.500772797527048 0.012693935119887164 0.010819165378670788
0 0.7242595204513399 0.4992272024729521 0.012693935119887164 0.012364760432766615
0 0.7581100141043724 0.6120556414219475 0.012693935119887164 0.010819165378670788
0 0.5282087447108603 0.6553323029366306 0.011283497884344146 0.03863987635239567
0 0.344851904090268 0.6228748068006182 0.011988716502115656 0.012364760432766615
0 0.31170662905500707 0.4992272024729521 0.012693935119887164 0.010819165378670788
0 0.33638928067700985 0.4188562596599691 0.012693935119887164 0.012364760432766615
0 0.08251057827926657 0.2472952086553323 0.014809590973201692 0.0401854714064915
0 0.21791255289139633 0.2596599690880989 0.012693935119887164 0.013910355486862442
0 0.2757404795486601 0.26120556414219476 0.011988716502115656 0.012364760432766615
0 0.3554301833568406 0.2596599690880989 0.012693935119887164 0.013910355486862442
0 0.577574047954866 0.2472952086553323 0.013399153737658674 0.015455950540958269
0 0.7531734837799718 0.28438948995363217 0.012693935119887164 0.012364760432766615
0 0.807475317348378 0.28438948995363217 0.011988716502115656 0.012364760432766615
0 0.8526093088857546 0.3972179289026275 0.012693935119887164 0.012364760432766615
0 0.6918194640338505 0.4992272024729521 0.012693935119887164 0.012364760432766615
0 0.4125528913963329 0.6553323029366306 0.011988716502115656 0.03709428129829984
0 0.5493653032440057 0.4652241112828439 0.010578279266572637 0.012364760432766615
0 0.385049365303244 0.3508500772797527 0.012693935119887164 0.0401854714064915
0 0.4308885754583921 0.34930448222565685 0.011283497884344146 0.04327666151468315
0 0.14033850493653033 0.4992272024729521 0.011988716502115656 0.010819165378670788
0 0.1071932299012694 0.03709428129829984 0.029619181946403384 0.0973724884080371
0 0.054301833568406205 0.5795981452859351 0.036671368124118475 0.02009273570324575
0 0.5930888575458392 0.7109737248840804 0.03526093088857546 0.03245749613601236
0 0.46473906911142454 0.7805255023183926 0.028208744710860368 0.09273570324574962
0 0.8540197461212976 0.6584234930448223 0.023977433004231313 0.02936630602782071
0 0.6614950634696756 0.5749613601236476 0.028913963328631876 0.03245749613601236
0 0.883638928067701 0.34775888717156106 0.028208744710860368 0.12364760432766615
0 0.9026798307475318 0.3802163833075734 0.0613540197461213 0.16537867078825347
0 0.18758815232722145 0.3400309119010819 0.013399153737658674 0.010819165378670788
0 0.5204513399153737 0.37094281298299847 0.02679830747531735 0.08964451313755796
0 0.4929478138222849 0.7789799072642968 0.028208744710860368 0.09428129829984544
0 0.5211565585331452 0.7805255023183926 0.028913963328631876 0.09119010819165378
0 0.5500705218617772 0.7820710973724884 0.028913963328631876 0.08964451313755796
0 0.6036671368124118 0.4667697063369397 0.012693935119887164 0.010819165378670788
0 0.3314527503526093 0.3415765069551777 0.012693935119887164 0.00927357032457496
0 0.08744710860366714 0.3508500772797527 0.012693935119887164 0.012364760432766615
0 0.056417489421720736 0.44513137557959814 0.012693935119887164 0.010819165378670788
0 0.6325811001410437 0.31375579598145287 0.01763046544428773 0.07727975270479134
0 0.6932299012693935 0.6568778979907264 0.028208744710860368 0.0633693972179289
0 0.6636107193229901 0.44976816074188564 0.030324400564174896 0.04482225656877898
0 0.4414668547249647 0.4652241112828439 0.011283497884344146 0.010819165378670788
0 0.6904090267983075 0.723338485316847 0.012693935119887164 0.013910355486862442
0 0.7517630465444288 0.723338485316847 0.012693935119887164 0.013910355486862442
0 0.7834978843441467 0.723338485316847 0.012693935119887164 0.013910355486862442
0 0.14104372355430184 0.26120556414219476 0.012693935119887164 0.012364760432766615
0 0.811706629055007 0.3972179289026275 0.012693935119887164 0.012364760432766615
0 0.6692524682651622 0.3972179289026275 0.012693935119887164 0.012364760432766615
0 0.7905500705218618 0.4992272024729521 0.012693935119887164 0.012364760432766615
0 0.5077574047954866 0.5672333848531684 0.011283497884344146 0.012364760432766615
0 0.2743300423131171 0.6228748068006182 0.014809590973201692 0.010819165378670788
0 0.7052186177715092 0.1901081916537867 0.02468265162200282 0.0865533230293663
0 0.7306064880112835 0.1901081916537867 0.023977433004231313 0.08809891808346214
0 0.3843441466854725 0.31530139103554866 0.0232722143864598 0.03400309119010819
0 0.40691114245416077 0.2828438948995363 0.021861777150916785 0.0633693972179289
0 0.3843441466854725 0.250386398763524 0.014104372355430184 0.012364760432766615
0 0.7454160789844851 0.3972179289026275 0.012693935119887164 0.012364760432766615
0 0.6875881523272215 0.3972179289026275 0.012693935119887164 0.012364760432766615
0 0.6339915373765868 0.3972179289026275 0.011988716502115656 0.012364760432766615
0 0.49717912552891397 0.4652241112828439 0.011283497884344146 0.010819165378670788
0 0.8039492242595204 0.15919629057187018 0.011988716502115656 0.012364760432766615
0 0.32016925246826516 0.26120556414219476 0.011988716502115656 0.012364760432766615
0 0.44499294781382226 0.24884080370942813 0.011988716502115656 0.013910355486862442
0 0.7609308885754584 0.4992272024729521 0.012693935119887164 0.012364760432766615
0 0.6671368124118476 0.4992272024729521 0.012693935119887164 0.012364760432766615
0 0.8497884344146686 0.5440494590417311 0.028208744710860368 0.030911901081916538
0 0.9400564174894217 0.19783616692426584 0.010578279266572637 0.017001545595054096
0 0.9887165021156559 0.20401854714064915 0.009873060648801129 0.015455950540958269
0 0.4386459802538787 0.5656877897990726 0.012693935119887164 0.013910355486862442
0 0.6332863187588152 0.500772797527048 0.012693935119887164 0.010819165378670788
0 0.6396332863187588 0.6120556414219475 0.012693935119887164 0.012364760432766615
0 0.9823695345557123 0.5641421947449768 0.01763046544428773 0.080370942812983
0 0.9809590973201693 0.44976816074188564 0.018335684062059238 0.08964451313755796
0 0.05571227080394922 0.13601236476043277 0.012693935119887164 0.04173106646058733
0 0.961212976022567 0.0695517774343122 0.011283497884344146 0.017001545595054096
0 0.9153737658674189 0.6986089644513137 0.023977433004231313 0.012364760432766615
0 0.14174894217207334 0.1375579598145286 0.013399153737658674 0.012364760432766615
0 0.22778561354019747 0.13601236476043277 0.012693935119887164 0.012364760432766615
0 0.027503526093088856 0.24884080370942813 0.013399153737658674 0.0401854714064915
0 0.1847672778561354 0.4188562596599691 0.012693935119887164 0.012364760432766615
0 0.056417489421720736 0.8717156105100463 0.012693935119887164 0.013910355486862442
0 0.13610719322990128 0.7434312210200927 0.013399153737658674 0.03709428129829984
0 0.2306064880112835 0.7434312210200927 0.012693935119887164 0.03863987635239567
0 0.3906911142454161 0.4652241112828439 0.00846262341325811 0.010819165378670788
0 0.5712270803949224 0.34930448222565685 0.011988716502115656 0.04327666151468315
0 0.2390691114245416 0.49768160741885625 0.011988716502115656 0.012364760432766615
0 0.2827926657263752 0.42040185471406494 0.011988716502115656 0.00927357032457496
0 0.8913963328631875 0.06800618238021638 0.010578279266572637 0.017001545595054096
0 0.9379407616361072 0.0695517774343122 0.010578279266572637 0.017001545595054096
0 0.08110014104372355 0.8717156105100463 0.012693935119887164 0.012364760432766615
0 0.07052186177715092 0.7557959814528593 0.013399153737658674 0.013910355486862442
0 0.21227080394922426 0.8717156105100463 0.013399153737658674 0.04327666151468315
0 0.8526093088857546 0.500772797527048 0.012693935119887164 0.00927357032457496
0 0.3857545839210155 0.6584234930448223 0.011988716502115656 0.010819165378670788
0 0.6325811001410437 0.160741885625966 0.012693935119887164 0.010819165378670788
0 0.9174894217207334 0.5471406491499228 0.03173483779971791 0.10664605873261206
0 0.9386459802538787 0.22720247295208656 0.011283497884344146 0.10046367851622875
0 0.9513399153737658 0.34930448222565685 0.028208744710860368 0.10046367851622875
0 0.7729196050775741 0.7604327666151468 0.02538787023977433 0.11128284389489954
0 0.7799717912552891 0.5765069551777434 0.02679830747531735 0.03400309119010819
