0 0.6612103174603174 0.21242559523809523 0.03050595238095238 0.11160714285714286
0 0.6274801587301587 0.21354166666666666 0.03447420634920635 0.11049107142857142
0 0.5999503968253969 0.20721726190476192 0.022817460317460316 0.11904761904761904
0 0.7762896825396826 0.41629464285714285 0.03794642857142857 0.12686011904761904
0 0.7418154761904762 0.41294642857142855 0.03521825396825397 0.13355654761904762
0 0.8960813492063492 0.7901785714285714 0.03422619047619048 0.13392857142857142
0 0.8640873015873016 0.7816220238095238 0.031994047619047616 0.14174107142857142
0 0.830109126984127 0.7875744047619048 0.030753968253968252 0.13578869047619047
0 0.41443452380952384 0.08110119047619048 0.027281746031746032 0.12574404761904762
0 0.38070436507936506 0.07700892857142858 0.03050595238095238 0.13206845238095238
0 0.310515873015873 0.08333333333333333 0.03249007936507937 0.125
0 0.2770337301587302 0.08072916666666667 0.03149801587301587 0.12686011904761904
0 0.23511904761904762 0.07924107142857142 0.034970238095238096 0.12760416666666666
0 0.3246527777777778 0.27455357142857145 0.02554563492063492 0.15290178571428573
0 0.2896825396825397 0.2585565476190476 0.034722222222222224 0.17075892857142858
0 0.2594246031746032 0.2578125 0.030257936507936508 0.16964285714285715
0 0.2286706349206349 0.26264880952380953 0.02976190476190476 0.16331845238095238
0 0.1956845238095238 0.2552083333333333 0.034722222222222224 0.17001488095238096
0 0.16220238095238096 0.2533482142857143 0.027777777777777776 0.17261904761904762
0 0.12574404761904762 0.25148809523809523 0.03422619047619048 0.1796875
0 0.08754960317460317 0.2507440476190476 0.03298611111111111 0.17671130952380953
0 0.439484126984127 0.46688988095238093 0.027777777777777776 0.16852678571428573
0 0.404265873015873 0.4680059523809524 0.03149801587301587 0.1715029761904762
0 0.3695436507936508 0.46688988095238093 0.034722222222222224 0.17261904761904762
0 0.3400297619047619 0.4661458333333333 0.029017857142857144 0.171875
0 0.1619543650793651 0.46316964285714285 0.03149801587301587 0.17373511904761904
0 0.11979166666666667 0.8798363095238095 0.03670634920634921 0.030877976190476192
0 0.7219742063492064 0.5513392857142857 0.04290674603174603 0.030133928571428572
0 0.1552579365079365 0.9099702380952381 0.03273809523809524 0.0896577380952381
0 0.07093253968253968 0.9185267857142857 0.023065476190476192 0.08110119047619048
0 1.2574404761904763 0.16778273809523808 0.08953373015873016 0.21391369047619047
0 0.7824900793650794 0.7767857142857143 0.07564484126984126 0.21428571428571427
0 1.2886904761904763 0.9858630952380952 0.06721230158730158 0.19642857142857142
0 0.05530753968253968 0.7678571428571429 0.08978174603174603 0.20386904761904762
0 0.13740079365079366 0.7410714285714286 0.09275793650793651 0.22395833333333334
0 0.5932539682539683 0.7853422619047619 0.0873015873015873 0.19680059523809523
0 0.06001984126984127 0.9717261904761905 0.08110119047619048 0.20535714285714285
0 0.0 0.9650297619047619 0.053075396825396824 0.19456845238095238
0 0.002232142857142857 0.7596726190476191 0.05406746031746032 0.20758928571428573
0 0.6827876984126984 0.9925595238095238 0.08159722222222222 0.20386904761904762
0 0.9454365079365079 0.9858630952380952 0.08234126984126984 0.20684523809523808
0 1.1205357142857142 0.9847470238095238 0.07465277777777778 0.19754464285714285
0 1.2433035714285714 1.3013392857142858 0.05233134920634921 0.03236607142857143
0 1.0865575396825398 1.3058035714285714 0.05282738095238095 0.04017857142857143
0 1.1696428571428572 0.16815476190476192 0.07465277777777778 0.20870535714285715
0 0.5252976190476191 0.7730654761904762 0.03943452380952381 0.00855654761904762
0 0.8963293650793651 0.14769345238095238 0.09151785714285714 0.2191220238095238
0 0.705109126984127 0.13058035714285715 0.09449404761904762 0.22395833333333334
0 0.9848710317460317 0.3712797619047619 0.0882936507936508 0.20200892857142858
0 0.8953373015873016 0.36681547619047616 0.09052579365079365 0.2113095238095238
0 0.7956349206349206 0.35900297619047616 0.09672619047619048 0.2191220238095238
0 0.2316468253968254 0.9821428571428571 0.08953373015873016 0.21242559523809523
0 0.4089781746031746 1.3125 0.04662698412698413 0.044642857142857144
0 1.0146329365079365 1.3110119047619047 0.03943452380952381 0.038318452380952384
0 1.3182043650793651 1.3013392857142858 0.0 0.0
0 0.9486607142857143 0.7719494047619048 0.08606150793650794 0.22061011904761904
0 0.4868551587301587 1.3117559523809523 0.04538690476190476 0.036458333333333336
0 0.5808531746031746 1.3195684523809523 0.033234126984126984 0.03571428571428571
0 0.6989087301587301 0.36049107142857145 0.09474206349206349 0.21614583333333334
0 0.5096726190476191 0.34523809523809523 0.09350198412698413 0.22358630952380953
0 0.21552579365079366 0.34188988095238093 0.09771825396825397 0.22395833333333334
0 0.7693452380952381 0.9836309523809523 0.08432539682539683 0.2113095238095238
0 0.855406746031746 0.9899553571428571 0.08159722222222222 0.19866071428571427
0 1.0329861111111112 0.9858630952380952 0.08333333333333333 0.20163690476190477
0 1.1986607142857142 0.9758184523809523 0.08606150793650794 0.20647321428571427
0 0.8628472222222222 0.7719494047619048 0.0 0.0
0 1.2896825396825398 0.7845982142857143 0.0662202380952381 0.2027529761904762
0 0.21875 0.11830357142857142 0.09250992063492064 0.22842261904761904
0 0.018105158730158732 0.33891369047619047 0.09052579365079365 0.22358630952380953
0 0.6063988095238095 0.35453869047619047 0.08953373015873016 0.22209821428571427
0 0.9848710317460317 0.14620535714285715 0.09250992063492064 0.2265625
0 0.13566468253968253 1.3110119047619047 0.05357142857142857 0.04575892857142857
0 0.6453373015873016 1.3136160714285714 0.041914682539682536 0.04241071428571429
0 1.15625 1.3039434523809523 0.05233134920634921 0.034970238095238096
0 0.8219246031746031 1.3117559523809523 0.04365079365079365 0.0234375
0 1.2492559523809523 0.3835565476190476 0.09027777777777778 0.19754464285714285
0 1.165922619047619 0.3835565476190476 0.078125 0.20238095238095238
0 1.0773809523809523 0.16294642857142858 0.08953373015873016 0.2113095238095238
0 1.2063492063492063 0.7857142857142857 0.0798611111111111 0.203125
0 1.1264880952380953 0.7857142857142857 0.078125 0.20014880952380953
0 1.037202380952381 0.7756696428571429 0.0882936507936508 0.21428571428571427
0 0.23735119047619047 1.3039434523809523 0.04935515873015873 0.04538690476190476
0 0.33134920634920634 1.3072916666666667 0.045882936507936505 0.044642857142857144
0 0.10243055555555555 0.4616815476190476 0.03149801587301587 0.1800595238095238
0 0.06671626984126984 0.46316964285714285 0.03373015873015873 0.1793154761904762
0 0.4732142857142857 0.6811755952380952 0.027281746031746032 0.18563988095238096
0 0.4332837301587302 0.6789434523809523 0.027281746031746032 0.18080357142857142
0 0.3975694444444444 0.6897321428571429 0.03149801587301587 0.17113095238095238
0 0.26711309523809523 0.6923363095238095 0.031001984126984128 0.17447916666666666
0 0.23660714285714285 0.6915922619047619 0.028273809523809524 0.17596726190476192
0 0.2048611111111111 0.6915922619047619 0.031001984126984128 0.17522321428571427
0 0.14285714285714285 0.6860119047619048 0.03249007936507937 0.17559523809523808
0 0.1039186507936508 0.6811755952380952 0.03422619047619048 0.1796875
0 0.07043650793650794 0.6811755952380952 0.033482142857142856 0.18043154761904762
0 0.002976190476190476 0.2537202380952381 0.029017857142857144 0.17261904761904762
0 0.016617063492063492 0.6968005952380952 0.027529761904761904 0.16331845238095238
0 0.001984126984126984 0.48586309523809523 0.021577380952380952 0.171875
0 0.03968253968253968 0.21019345238095238 0.040426587301587304 0.03608630952380952
0 0.08754960317460317 0.20907738095238096 0.04141865079365079 0.03608630952380952
0 0.13268849206349206 0.21168154761904762 0.03869047619047619 0.03459821428571429
0 0.17311507936507936 0.2113095238095238 0.036458333333333336 0.030133928571428572
0 0.21329365079365079 0.2113095238095238 0.03993055555555555 0.03050595238095238
0 0.2594246031746032 0.21279761904761904 0.037450396825396824 0.029017857142857144
0 0.3854166666666667 0.21205357142857142 0.03968253968253968 0.03162202380952381
0 0.45461309523809523 0.21279761904761904 0.03869047619047619 0.029017857142857144
0 0.3998015873015873 0.43601190476190477 0.03695436507936508 0.029017857142857144
0 0.21428571428571427 0.4334077380952381 0.037698412698412696 0.026041666666666668
0 0.2978670634920635 0.2113095238095238 0.03819444444444445 0.027901785714285716
0 0.32862103174603174 0.6462053571428571 0.03695436507936508 0.028645833333333332
0 0.36681547619047616 0.6417410714285714 0.03993055555555555 0.030133928571428572
0 0.40773809523809523 0.6421130952380952 0.0339781746031746 0.03125
0 0.44841269841269843 0.6454613095238095 0.037450396825396824 0.028645833333333332
0 0.47023809523809523 0.8835565476190477 0.03819444444444445 0.02269345238095238
0 0.4350198412698413 0.8761160714285714 0.03149801587301587 0.03162202380952381
0 0.3958333333333333 0.875 0.03571428571428571 0.03422619047619048
0 0.5649801587301587 0.20238095238095238 0.03373015873015873 0.12276785714285714
0 0.5235615079365079 0.20200892857142858 0.029513888888888888 0.1253720238095238
0 0.925843253968254 0.41629464285714285 0.03373015873015873 0.12388392857142858
0 0.8936011904761905 0.4181547619047619 0.030753968253968252 0.125
0 0.8534226190476191 0.42001488095238093 0.03794642857142857 0.12016369047619048
0 0.8162202380952381 0.41517857142857145 0.03521825396825397 0.13132440476190477
0 0.6951884920634921 0.41703869047619047 0.036458333333333336 0.12946428571428573
0 0.6584821428571429 0.41517857142857145 0.03670634920634921 0.12797619047619047
0 0.6227678571428571 0.4192708333333333 0.029017857142857144 0.11979166666666667
0 0.5882936507936508 0.4140625 0.036458333333333336 0.13020833333333334
0 0.5510912698412699 0.4025297619047619 0.03720238095238095 0.140625
0 0.5213293650793651 0.40476190476190477 0.03050595238095238 0.14248511904761904
0 0.9342757936507936 0.7823660714285714 0.018849206349206348 0.13169642857142858
0 0.6011904761904762 0.7868303571428571 0.03571428571428571 0.12611607142857142
0 0.5818452380952381 0.7771577380952381 0.023313492063492064 0.12909226190476192
0 0.5453869047619048 0.7782738095238095 0.03249007936507937 0.13913690476190477
0 0.5208333333333334 0.7797619047619048 0.021577380952380952 0.13169642857142858
0 0.9246031746031746 0.6030505952380952 0.03298611111111111 0.12834821428571427
0 0.8921130952380952 0.6037946428571429 0.033482142857142856 0.13095238095238096
0 0.8551587301587301 0.6049107142857143 0.036458333333333336 0.12797619047619047
0 0.8253968253968254 0.6037946428571429 0.029017857142857144 0.12760416666666666
0 0.7924107142857143 0.6056547619047619 0.03298611111111111 0.12909226190476192
0 0.7594246031746031 0.6056547619047619 0.03125 0.12909226190476192
0 0.7269345238095238 0.6049107142857143 0.031994047619047616 0.13392857142857142
0 0.6907242063492064 0.6049107142857143 0.033482142857142856 0.13132440476190477
0 0.6540178571428571 0.6037946428571429 0.034722222222222224 0.13355654761904762
0 0.628968253968254 0.5978422619047619 0.02628968253968254 0.1331845238095238
0 0.59375 0.6037946428571429 0.03298611111111111 0.12909226190476192
0 0.44419642857142855 0.0896577380952381 0.030009920634920636 0.11644345238095238
0 0.2681051587301587 0.46391369047619047 0.030009920634920636 0.17410714285714285
0 0.23115079365079366 0.46316964285714285 0.033234126984126984 0.18229166666666666
0 0.19915674603174602 0.46242559523809523 0.032242063492063495 0.17857142857142858
0 0.8216765873015873 0.9419642857142857 0.03993055555555555 0.030877976190476192
0 0.9050099206349206 0.9397321428571429 0.03993055555555555 0.03311011904761905
0 0.9439484126984127 0.7496279761904762 0.03993055555555555 0.030133928571428572
0 0.8983134920634921 0.75 0.043402777777777776 0.027157738095238096
0 0.8268849206349206 0.75 0.04141865079365079 0.031994047619047616
0 0.779265873015873 0.75 0.040426587301587304 0.028273809523809524
0 0.7368551587301587 0.7526041666666666 0.04092261904761905 0.026413690476190476
0 0.7237103174603174 0.12946428571428573 0.03869047619047619 0.030133928571428572
0 0.8075396825396826 0.13020833333333334 0.04290674603174603 0.034970238095238096
0 0.8993055555555556 0.5491071428571429 0.03993055555555555 0.033482142857142856
0 0.46577380952380953 0.9110863095238095 0.03695436507936508 0.08854166666666667
0 0.19146825396825398 0.9122023809523809 0.03125 0.08742559523809523
0 0.41393849206349204 0.11235119047619048 0.09598214285714286 0.23251488095238096
0 0.32589285714285715 0.9810267857142857 0.07787698412698413 0.20982142857142858
0 0.9216269841269841 1.306547619047619 0.03844246031746032 0.046875
0 0.11259920634920635 0.32961309523809523 0.10094246031746032 0.23139880952380953
0 0.5892857142857143 0.9858630952380952 0.08978174603174603 0.21205357142857142
0 0.22767857142857142 0.08072916666666667 0.04290674603174603 0.033854166666666664
0 0.7976190476190477 0.13988095238095238 0.09771825396825397 0.21763392857142858
0 0.6011904761904762 0.10900297619047619 0.09970238095238096 0.24367559523809523
0 1.0783730158730158 0.3697916666666667 0.08432539682539683 0.20833333333333334
0 0.5096726190476191 0.12313988095238096 0.09474206349206349 0.22209821428571427
0 0.41294642857142855 0.33444940476190477 0.09573412698412699 0.23288690476190477
0 0.31125992063492064 0.12016369047619048 0.09970238095238096 0.22805059523809523
0 0.3132440476190476 0.33110119047619047 0.10069444444444445 0.23623511904761904
0 0.10863095238095238 0.10119047619047619 0.10788690476190477 0.24553571428571427
0 0.022321428571428572 0.09523809523809523 0.09449404761904762 0.25
0 0.23462301587301587 0.7723214285714286 0.08878968253968254 0.21688988095238096
0 0.3196924603174603 0.7470238095238095 0.08333333333333333 0.22247023809523808
0 0.40476190476190477 0.7738095238095238 0.09176587301587301 0.2027529761904762
0 0.4975198412698413 0.7805059523809523 0.09027777777777778 0.20424107142857142
0 0.49503968253968256 0.9832589285714286 0.08903769841269842 0.21577380952380953
0 0.40773809523809523 0.9821428571428571 0.08506944444444445 0.21316964285714285
0 0.1433531746031746 0.9661458333333334 0.08754960317460317 0.2261904761904762
0 0.6872519841269841 0.7786458333333334 0.08606150793650794 0.21726190476190477
0 0.07688492063492064 0.6837797619047619 0.05009920634920635 0.06882440476190477
0 0.057291666666666664 1.3050595238095237 0.05828373015873016 0.03273809523809524
0 0.7631448412698413 1.322172619047619 0.04265873015873016 0.03459821428571429
0 0.8658234126984127 0.7704613095238095 0.08060515873015874 0.2191220238095238
0 0.9134424603174603 0.039806547619047616 0.03298611111111111 0.08370535714285714
0 0.9486607142857143 0.049107142857142856 0.026785714285714284 0.07998511904761904
0 0.9149305555555556 0.203125 0.03844246031746032 0.12202380952380952
0 0.8727678571428571 0.20238095238095238 0.031746031746031744 0.12574404761904762
0 0.8355654761904762 0.203125 0.03521825396825397 0.12313988095238096
0 0.7673611111111112 0.2105654761904762 0.033234126984126984 0.1134672619047619
0 0.7328869047619048 0.20424107142857142 0.03447420634920635 0.11867559523809523
0 0.6944444444444444 0.20238095238095238 0.03571428571428571 0.12574404761904762
0 0.5243055555555556 0.01525297619047619 0.026785714285714284 0.109375
0 0.5682043650793651 0.03794642857142857 0.033234126984126984 0.0900297619047619
0 0.6076388888888888 0.0390625 0.031001984126984128 0.08556547619047619
0 0.638640873015873 0.039806547619047616 0.03447420634920635 0.08482142857142858
0 0.6798115079365079 0.03794642857142857 0.035962301587301584 0.08668154761904762
0 0.7212301587301587 0.03571428571428571 0.03447420634920635 0.09412202380952381
0 0.7564484126984127 0.04203869047619048 0.03844246031746032 0.08370535714285714
0 0.7991071428571429 0.044270833333333336 0.036458333333333336 0.07924107142857142
0 0.8377976190476191 0.04092261904761905 0.036458333333333336 0.08705357142857142
0 0.17113095238095238 0.4348958333333333 0.037698412698412696 0.027901785714285716
0 0.05233134920634921 0.43601190476190477 0.03546626984126984 0.02492559523809524
0 0.11011904761904762 0.43787202380952384 0.03546626984126984 0.025297619047619048
0 0.051835317460317464 0.6450892857142857 0.03819444444444445 0.026785714285714284
0 0.09821428571428571 0.6428571428571429 0.03050595238095238 0.027157738095238096
0 0.18055555555555555 0.6417410714285714 0.04241071428571429 0.035342261904761904
0 0.24503968253968253 0.6428571428571429 0.03695436507936508 0.031994047619047616
0 0.28447420634920634 0.6458333333333334 0.03993055555555555 0.030133928571428572
0 0.22495039682539683 0.9129464285714286 0.03298611111111111 0.08668154761904762
0 0.6473214285714286 0.7849702380952381 0.03125 0.13653273809523808
0 0.5572916666666666 0.6019345238095238 0.036458333333333336 0.13020833333333334
0 0.5248015873015873 0.6011904761904762 0.03249007936507937 0.13020833333333334
0 0.4774305555555556 0.08854166666666667 0.030753968253968252 0.12053571428571429
0 0.42683531746031744 0.9129464285714286 0.03273809523809524 0.08630952380952381
0 0.8025793650793651 0.20944940476190477 0.032242063492063495 0.11569940476190477
0 0.05927579365079365 0.06101190476190476 0.03571428571428571 0.15029761904761904
0 0.46056547619047616 0.27455357142857145 0.029513888888888888 0.15401785714285715
0 0.42981150793650796 0.27232142857142855 0.029513888888888888 0.15625
0 0.4017857142857143 0.27120535714285715 0.028025793650793652 0.15736607142857142
0 0.3529265873015873 0.27380952380952384 0.028025793650793652 0.15290178571428573
0 0.3812003968253968 0.27380952380952384 0.020089285714285716 0.15290178571428573
0 0.056299603174603176 0.2507440476190476 0.03298611111111111 0.17671130952380953
0 0.46726190476190477 0.46688988095238093 0.03273809523809524 0.17113095238095238
0 0.19246031746031747 0.07998511904761904 0.033482142857142856 0.12686011904761904
0 0.15674603174603174 0.06101190476190476 0.03249007936507937 0.14583333333333334
0 0.09598214285714286 0.058779761904761904 0.041914682539682536 0.1488095238095238
0 0.13616071428571427 0.46242559523809523 0.026785714285714284 0.17708333333333334
0 0.8596230158730159 0.5513392857142857 0.03968253968253968 0.03125
0 0.9397321428571429 0.5491071428571429 0.03993055555555555 0.03162202380952381
0 0.7953869047619048 0.7849702380952381 0.03125 0.14174107142857142
0 0.7532242063492064 0.7868303571428571 0.03571428571428571 0.1331845238095238
0 0.34350198412698413 0.08630952380952381 0.03720238095238095 0.11941964285714286
0 0.7180059523809523 0.7868303571428571 0.03447420634920635 0.13206845238095238
0 0.6790674603174603 0.7868303571428571 0.03249007936507937 0.13058035714285715
0 0.7001488095238095 0.75 0.03670634920634921 0.025669642857142856
0 0.6463293650793651 0.7455357142857143 0.03968253968253968 0.03162202380952381
0 0.605406746031746 0.7485119047619048 0.03521825396825397 0.026413690476190476
0 0.5659722222222222 0.7462797619047619 0.03720238095238095 0.028645833333333332
0 0.5277777777777778 0.7447916666666666 0.036210317460317464 0.030877976190476192
0 0.5565476190476191 0.12946428571428573 0.03819444444444445 0.028645833333333332
0 0.9384920634920635 0.13020833333333334 0.041914682539682536 0.029389880952380952
0 0.00818452380952381 0.6662946428571429 0.036458333333333336 0.031994047619047616
0 0.527281746031746 0.5498511904761905 0.038938492063492064 0.030133928571428572
0 0.6006944444444444 0.5528273809523809 0.03695436507936508 0.028645833333333332
0 0.8067956349206349 0.5535714285714286 0.03993055555555555 0.031994047619047616
0 0.39211309523809523 0.9103422619047619 0.031994047619047616 0.08891369047619048
0 0.3583829365079365 0.9110863095238095 0.028273809523809524 0.08854166666666667
0 0.32018849206349204 0.9092261904761905 0.03571428571428571 0.0900297619047619
0 0.29191468253968256 0.9092261904761905 0.027281746031746032 0.09040178571428571
0 0.2604166666666667 0.90625 0.02976190476190476 0.09337797619047619
0 0.7624007936507936 0.12797619047619047 0.040426587301587304 0.03422619047619048
0 0.24875992063492064 0.8761160714285714 0.03422619047619048 0.030133928571428572
0 0.21354166666666666 0.8761160714285714 0.03521825396825397 0.03459821428571429
0 0.17981150793650794 0.8761160714285714 0.03125 0.03459821428571429
0 0.6547619047619048 0.328125 0.040426587301587304 0.03794642857142857
0 0.5776289682539683 0.33370535714285715 0.03943452380952381 0.027157738095238096
0 0.5233134920634921 0.33370535714285715 0.037698412698412696 0.028645833333333332
0 0.519593253968254 0.12946428571428573 0.03521825396825397 0.030877976190476192
0 0.30158730158730157 0.4654017857142857 0.028521825396825396 0.17559523809523808
0 0.36706349206349204 0.6897321428571429 0.028769841269841268 0.17261904761904762
0 0.33581349206349204 0.6811755952380952 0.031001984126984128 0.1796875
0 0.34350198412698413 0.20982142857142858 0.038938492063492064 0.03571428571428571
0 0.8648313492063492 0.3322172619047619 0.04241071428571429 0.028645833333333332
0 0.7862103174603174 0.3322172619047619 0.04092261904761905 0.03162202380952381
0 0.7152777777777778 0.33296130952380953 0.04092261904761905 0.030133928571428572
0 0.9337797619047619 0.33035714285714285 0.044890873015873016 0.02492559523809524
0 0.8509424603174603 0.12872023809523808 0.040426587301587304 0.030877976190476192
0 0.12475198412698413 0.9129464285714286 0.028769841269841268 0.08668154761904762
0 0.09325396825396826 0.9215029761904762 0.030257936507936508 0.078125
0 0.3621031746031746 0.8761160714285714 0.031001984126984128 0.03459821428571429
0 0.32589285714285715 0.8776041666666666 0.03249007936507937 0.028645833333333332
0 0.28447420634920634 0.8768601190476191 0.040426587301587304 0.03311011904761905
0 0.054563492063492064 0.8790922619047619 0.03943452380952381 0.03273809523809524
0 0.007936507936507936 0.8813244047619048 0.03794642857142857 0.028645833333333332
0 0.5307539682539683 0.9363839285714286 0.03521825396825397 0.03422619047619048
0 0.5669642857142857 0.9356398809523809 0.034722222222222224 0.031994047619047616
0 0.605406746031746 0.9363839285714286 0.03720238095238095 0.03125
0 0.6674107142857143 0.9363839285714286 0.041914682539682536 0.03050595238095238
0 0.7274305555555556 0.9371279761904762 0.03720238095238095 0.03273809523809524
0 0.6659226190476191 0.5528273809523809 0.03993055555555555 0.027901785714285716
0 0.6153273809523809 0.12648809523809523 0.037450396825396824 0.036458333333333336
0 0.6822916666666666 0.13095238095238096 0.04017857142857143 0.03125
0 0.8913690476190477 0.13169642857142858 0.045882936507936505 0.028645833333333332
0 0.0 0.20721726190476192 0.03149801587301587 0.039806547619047616
0 0.3053075396825397 0.6845238095238095 0.029513888888888888 0.17782738095238096
0 0.1775793650793651 0.6860119047619048 0.028769841269841268 0.1722470238095238
0 0.8735119047619048 0.04092261904761905 0.036458333333333336 0.0818452380952381
