0 0.9017873594988023 0.0009819967266775777 0.09673852957435047 0.12307692307692308
0 0.8056016215220195 0.0032733224222585926 0.09250046065966464 0.12176759410801964
0 0.796941219826792 0.027823240589198037 0.006633499170812604 0.09427168576104747
0 0.7145752717892021 0.0019639934533551553 0.07831214298875991 0.12307692307692308
0 0.6292611018979178 0.0009819967266775777 0.0814446287083103 0.12504091653027824
0 0.5441311958724894 0.0019639934533551553 0.08181315644002211 0.12405891980360065
0 0.5358393219089737 0.03011456628477905 0.007002026902524415 0.03567921440261866
0 0.5354707941772618 0.07037643207855974 0.007554818500092132 0.032078559738134206
0 0.45052515201768933 0.0003273322422258593 0.0843928505620048 0.12274959083469722
0 0.44131195872489404 0.033715220949263505 0.008107610097659848 0.09099836333878887
0 0.3607886493458633 0.0 0.07904919845218353 0.1237315875613748
0 0.279344020637553 0.0006546644844517185 0.07997051778146305 0.1253682487725041
0 0.20398009950248755 0.001309328968903437 0.07370554634236226 0.1260229132569558
0 0.12566795651372767 0.0009819967266775777 0.07683803206191266 0.12667757774140753
0 0.04809286898839138 0.0019639934533551553 0.07573244886677723 0.12471358428805238
0 0.0009213193292795283 0.001309328968903437 0.0455131748664087 0.12929623567921442
0 0.9690436705362079 0.1453355155482815 0.03058780173208034 0.19148936170212766
0 0.9543025612677354 0.16792144026186578 0.013635526073337019 0.16792144026186578
0 0.8770960014741109 0.16792144026186578 0.07536392113506542 0.16988543371522094
0 0.793071678643818 0.16693944353518822 0.08199742030587802 0.16890343698854338
0 0.7097844112769486 0.14500818330605564 0.0812603648424544 0.1927986906710311
0 0.6185737976782753 0.14762684124386252 0.08955223880597014 0.18985270049099837
0 0.5404459185553713 0.1590834697217676 0.0777593513911922 0.17905073649754502
0 0.4529205822738161 0.14828150572831425 0.08568269762299613 0.18985270049099837
0 0.3674221485166759 0.155810147299509 0.08402432283029299 0.1806873977086743
0 0.2810023954302561 0.15155482815057283 0.08660401695227565 0.18625204582651392
0 0.2021374608439285 0.14893617021276595 0.07702229592776856 0.1895253682487725
0 0.10853141698912844 0.1607201309328969 0.09213193292795283 0.17774140752864157
0 0.06965174129353234 0.24942716857610475 0.037589828634604756 0.08903436988543371
0 0.0009213193292795283 0.15286415711947626 0.06172839506172839 0.18919803600654664
0 0.06486088078127879 0.1630114566284779 0.02211166390270868 0.08085106382978724
0 0.986180210060807 0.3780687397708674 0.012898470609913396 0.18592471358428805
0 0.8999447208402432 0.3698854337152209 0.08365579509858116 0.19639934533551553
0 0.8157361341440943 0.3649754500818331 0.08291873963515754 0.20196399345335517
0 0.7274737423991156 0.3597381342062193 0.08623548922056384 0.20458265139116202
0 0.7094158835452368 0.3649754500818331 0.01658374792703151 0.09492635024549918
0 0.630919476690621 0.39869067103109657 0.07444260180578588 0.06481178396072013
0 0.6417910447761194 0.4635024549918167 0.08218168417173392 0.058265139116202944
0 0.652478348995762 0.5247135842880524 0.07112585222037958 0.03829787234042553
0 0.5561083471531233 0.39705400981996725 0.07296849087893864 0.1702127659574468
0 0.4577114427860697 0.37937806873977087 0.09563294637921503 0.05073649754500818
0 0.4588170259812051 0.4350245499181669 0.09176340519624102 0.13060556464811784
0 0.374976967016768 0.3669394435351882 0.08218168417173392 0.19574468085106383
0 0.29205822738161047 0.36202945990180035 0.0812603648424544 0.20261865793780687
0 0.21687857011240097 0.3895253682487725 0.07186290768380321 0.1751227495908347
0 0.12880044223327805 0.3685761047463175 0.08826239174497881 0.19378068739770868
0 0.05011977151280634 0.3718494271685761 0.07646950433020085 0.19148936170212766
0 0.031324857195503965 0.3842880523731588 0.017136539524599224 0.18036006546644845
0 0.0009213193292795283 0.3679214402618658 0.028745163073521283 0.20294599018003273
0 0.0009213193292795283 0.5967266775777414 0.008107610097659848 0.1590834697217676
0 0.01105583195135434 0.5918166939443535 0.09913395983047725 0.23338788870703764
0 0.11184816657453474 0.6288052373158756 0.016768011792887415 0.1711947626841244
0 0.1302745531601253 0.5934533551554828 0.09360604385480008 0.23076923076923078
0 0.22867145752717893 0.5895253682487726 0.09397457158651189 0.23567921440261866
0 0.32375161230882626 0.6078559738134206 0.10189791781831582 0.22585924713584288
0 0.42804496038326884 0.6016366612111292 0.013635526073337019 0.20458265139116202
0 0.4429703335175972 0.6108019639934533 0.010134512622074812 0.17381342062193125
0 0.4562373318592224 0.6006546644844517 0.1011608623548922 0.22454991816693945
0 0.5581352496775382 0.6723404255319149 0.011240095817210244 0.09852700490998363
0 0.5704809286898839 0.6360065466448446 0.011977151280633867 0.13387888707037643
0 0.5837479270315091 0.6216039279869067 0.09968675142804496 0.20556464811783962
0 0.6867514280449604 0.6212765957446809 0.08623548922056384 0.2032733224222586
0 0.790860512253547 0.6098199672667758 0.08734107241569929 0.21505728314238953
0 0.7772249861802101 0.6094926350245499 0.011240095817210244 0.19345335515548281
0 0.8824396535839322 0.5960720130932897 0.11018979178183158 0.23142389525368248
0 0.9929979730974756 0.6173486088379705 0.006633499170812604 0.21145662847790508
0 0.0003685277317118113 0.8553191489361702 0.0845771144278607 0.14435351882160394
0 0.08605122535470794 0.8566284779050737 0.12400958172102451 0.1414075286415712
0 0.2117191818684356 0.9119476268412439 0.10005527915975677 0.08772504091653027
0 0.2117191818684356 0.8576104746317512 0.04532891100055279 0.05106382978723404
0 0.3154597383453105 0.9158756137479541 0.12437810945273632 0.08379705400981997
0 0.3248571955039617 0.8569558101472995 0.12087709600147412 0.05630114566284779
0 0.4525520545421043 0.8549918166939443 0.019531969780726 0.09590834697217676
0 0.47337387138382164 0.9119476268412439 0.09379030772065598 0.08707037643207856
0 0.4971439100792335 0.8739770867430442 0.07646950433020085 0.03666121112929623
0 0.5809839690436706 0.8615384615384616 0.11461212456237332 0.1364975450081833
0 0.6968859406670352 0.8628477905073649 0.09010503040353787 0.13551554828150572
0 0.7914133038511147 0.8599018003273322 0.10392482034273079 0.1397708674304419
0 0.8971807628524047 0.8667757774140753 0.0 0.0
0 0.8993919292426755 0.8664484451718494 0.09876543209876543 0.13224222585924714
0 0.8835452367790676 0.34009819967266774 0.011977151280633867 0.015057283142389525
0 0.800810761009766 0.339443535188216 0.019531969780726 0.015384615384615385
0 0.7072047171549659 0.34108019639934534 0.022295927768564584 0.016366612111292964
0 0.5728763589460106 0.34009819967266774 0.01990049751243781 0.01669394435351882
0 0.4098028376635342 0.3407528641571195 0.020084761378293715 0.016366612111292964
0 0.2798968122351207 0.34173486088379706 0.020637552975861433 0.016366612111292964
0 0.06025428413488115 0.34402618657937806 0.018979178183158283 0.014729950900163666
0 0.1205085682697623 0.34337152209492633 0.01990049751243781 0.016366612111292964
0 0.9150543578404275 0.5692307692307692 0.019531969780726 0.01669394435351882
0 0.8278975492905841 0.5685761047463175 0.019716233646581906 0.016366612111292964
0 0.6460291136908052 0.5702127659574469 0.0777593513911922 0.04320785597381342
0 0.4711627049935508 0.5682487725040917 0.020084761378293715 0.0176759410801964
0 0.11682329095264418 0.5666121112929624 0.020269025244149624 0.01702127659574468
0 0.28800442233278056 0.5698854337152209 0.020084761378293715 0.01669394435351882
0 0.34733738713838214 0.527986906710311 0.001105583195135434 0.004909983633387889
0 0.37037037037037035 0.5698854337152209 0.021006080707573246 0.01702127659574468
0 0.9133959830477243 0.8327332242225859 0.020084761378293715 0.0176759410801964
0 0.8050488299244518 0.8304418985270049 0.019531969780726 0.018985270049099837
0 0.736318407960199 0.8386252045826514 0.02045328911000553 0.018330605564648116
0 0.5677169707020453 0.8363338788870703 0.019716233646581906 0.01734860883797054
0 0.34457342915054356 0.8356792144026186 0.01105583195135434 0.013747954173486088
0 0.3782937166021743 0.8356792144026186 0.02045328911000553 0.014729950900163666
0 0.2155887230514096 0.8324058919803601 0.019531969780726 0.0176759410801964
