0 0.26896323285856244 0.5934566908018235 0.030142431268631996 0.012872083668543845
0 0.15733686651209008 0.4121748458031644 0.0665783371977476 0.0863502279431483
0 0.18913547532295463 0.5478680611423974 0.05067903279231534 0.06382408152319657
0 0.10997018880423981 0.5851434700992223 0.03246107982775753 0.018235451863770447
0 0.3703212984431931 0.3277017967283454 0.06260351109638954 0.05846071332796997
0 0.2239152037098377 0.41002949852507375 0.06989069228221265 0.08849557522123894
0 0.2620072871811858 0.5457227138643068 0.04769791321629679 0.06516492357200322
0 0.5147399801258695 0.5738803968892464 0.05233521033454786 0.039420756234915526
0 0.4352434580987082 0.5736122284794851 0.052997681351440874 0.03888441941539287
0 0.4418681682676383 0.4489139179404666 0.05929115601192448 0.0498793242156074
0 0.6323285856243789 0.4489139179404666 0.045048029148724744 0.05095199785465272
0 0.0423981450811527 0.4352373290426388 0.0728718118582312 0.06436041834271923
0 0.0 0.43496916063287744 0.03941702550513415 0.06462858675248055
0 0.5895992050347797 0.5741485652990078 0.05399138787678039 0.038616251005631534
0 0.6151043391851606 0.31027085009385896 0.06293474660483604 0.07669616519174041
0 0.5468698244451805 0.31348887101099493 0.06459092414706856 0.07374631268436578
0 0.36038423318979795 0.6655939930276213 0.05399138787678039 0.060069723786537944
0 0.0 0.639313488871011 0.04306061609804571 0.08688656476267095
0 0.4587611791984101 0.6666666666666666 0.05266644584299437 0.06033789219629927
0 0.2358396820139119 0.5894341646554035 0.013249420337860219 0.011263073209975865
0 0.0 0.5427728613569321 0.020205366015236835 0.0195762939125771
0 0.3776084796290162 0.5717350496111558 0.05134150380920835 0.038348082595870206
0 0.36071546869824445 0.45722713864306785 0.052997681351440874 0.04317511397157415
0 0.543888704869162 0.4489139179404666 0.051010268300761843 0.05095199785465272
0 0.4604173567406426 0.3153660498793242 0.05332891685988738 0.07106462858675248
0 0.0 0.5197103781174578 0.04670420669095727 0.09305443818718155
0 0.1941040079496522 0.5947975328506302 0.030473666777078502 0.012335746849021185
0 0.24345809870818153 0.4700992223116117 0.024511427625041403 0.009385894341646554
0 0.17721099701888043 0.4658085277554304 0.027492547201059953 0.009654062751407884
0 0.24080821464060947 0.5486725663716814 0.018549188473004307 0.05819254491820863
0 0.10400794965220271 0.5411638508983642 0.05134150380920835 0.06972378653794584
0 0.050016561775422325 0.4754625905068383 0.0423981450811527 0.02038079914186109
0 0.0 0.473585411638509 0.029811195760185493 0.016626441405202468
0 0.3693275919178536 0.4808259587020649 0.03080490228552501 0.013944757307589166
