0 0.00034376074252320387 0.0 0.03643863870745961 0.015873015873015872
0 0.0 0.002976190476190476 0.0357511172224132 0.06101190476190476
0 0.0 0.052083333333333336 0.036094877964936406 0.06274801587301587
0 0.036094877964936406 0.0 0.06600206256445514 0.024305555555555556
0 0.036094877964936406 0.013640873015873016 0.06393949810931591 0.057787698412698416
0 0.10003437607425232 0.016121031746031748 0.0625644551392231 0.05853174603174603
0 0.09900309384668271 0.06498015873015874 0.06497078033688553 0.05803571428571429
0 0.034376074252320386 0.06274801587301587 0.06462701959436232 0.05828373015873016
0 0.0 0.10243055555555555 0.0357511172224132 0.05580357142857143
0 0.03540735647989 0.11185515873015874 0.06565830182193194 0.04662698412698413
0 0.09969061533172911 0.11458333333333333 0.06325197662426951 0.04389880952380952
0 0.10209694052939154 0.0 0.05981436919903747 0.02058531746031746
0 0.1615675489859058 0.0 0.0629082158817463 0.025297619047619048
0 0.1605362667583362 0.015625 0.06325197662426951 0.054811507936507936
0 0.2241320041251289 0.0 0.058783086971467856 0.02554563492063492
0 0.22585080783774492 0.016865079365079364 0.057408044001375044 0.053323412698412696
0 0.2853214162942592 0.0 0.051564111378480576 0.018601190476190476
0 0.2839463733241664 0.014384920634920634 0.056720522516328635 0.05555555555555555
0 0.34616706772086625 0.0 0.058439326228944655 0.0220734126984127
0 0.34513578549329665 0.014632936507936508 0.061533172911653486 0.05803571428571429
0 0.3447920247507735 0.06522817460317461 0.0625644551392231 0.05357142857142857
0 0.28360261258164315 0.06448412698412699 0.060501890684083875 0.05406746031746032
0 0.16191130972842901 0.06547619047619048 0.0629082158817463 0.05654761904761905
0 0.22550704709522174 0.06746031746031746 0.060501890684083875 0.054563492063492064
0 0.16328635269852182 0.11557539682539683 0.061876933654176694 0.04241071428571429
0 0.2241320041251289 0.1158234126984127 0.060501890684083875 0.042162698412698416
0 0.284977655551736 0.1148313492063492 0.0629082158817463 0.04265873015873016
0 0.3475421106909591 0.1148313492063492 0.060158129941560674 0.04241071428571429
0 0.40666895840495015 0.11334325396825397 0.061533172911653486 0.043154761904761904
0 0.46854589205912683 0.11235119047619048 0.061189412169130285 0.04389880952380952
0 0.5304228257133036 0.11160714285714286 0.061533172911653486 0.04365079365079365
0 0.4090752836026126 0.06374007936507936 0.059470608456514265 0.05654761904761905
0 0.46820213131660365 0.06225198412698413 0.060845651426607084 0.05505952380952381
0 0.5307665864558267 0.06101190476190476 0.061189412169130285 0.05679563492063492
0 0.5919559986249571 0.11061507936507936 0.061876933654176694 0.04439484126984127
0 0.5929872808525266 0.06076388888888889 0.061189412169130285 0.05679563492063492
0 0.40563767617738056 0.0 0.061189412169130285 0.020833333333333332
0 0.40563767617738056 0.012896825396825396 0.061533172911653486 0.05679563492063492
0 0.46820213131660365 0.012152777777777778 0.060845651426607084 0.05654761904761905
0 0.46717084908903406 0.0 0.062220694396699895 0.019345238095238096
0 0.5290477827432107 0.0 0.061189412169130285 0.019097222222222224
0 0.5307665864558267 0.013392857142857142 0.058095565486421454 0.05580357142857143
0 0.5902371949123411 0.0 0.06325197662426951 0.01488095238095238
0 0.5929872808525266 0.010416666666666666 0.061533172911653486 0.057291666666666664
0 0.6548642145067033 0.0 0.061876933654176694 0.016865079365079364
0 0.7167411481608801 0.0 0.061189412169130285 0.016617063492063492
0 0.7775867995874871 0.0 0.06565830182193194 0.012648809523809524
0 0.7793056033001031 0.004712301587301587 0.06393949810931591 0.056051587301587304
0 0.6534891715366106 0.007936507936507936 0.06325197662426951 0.05952380952380952
0 0.7170849089034033 0.008928571428571428 0.061189412169130285 0.057291666666666664
0 0.8435888621519423 0.005208333333333333 0.061876933654176694 0.05530753968253968
0 0.6558954967342729 0.05952380952380952 0.060158129941560674 0.056299603174603176
0 0.7170849089034033 0.058779761904761904 0.060845651426607084 0.05505952380952381
0 0.7796493640426263 0.054811507936507936 0.0625644551392231 0.05654761904761905
0 0.6555517359917498 0.109375 0.060501890684083875 0.044890873015873016
0 0.7184599518734961 0.10887896825396826 0.059470608456514265 0.044642857142857144
0 0.7782743210725335 0.1056547619047619 0.06428325885183912 0.047619047619047616
0 0.8435888621519423 0.0 0.0629082158817463 0.011160714285714286
0 0.907184599518735 0.0 0.061189412169130285 0.011408730158730158
0 0.9683740116878653 0.0 0.03128222756961155 0.011408730158730158
0 0.9061533172911653 0.004216269841269841 0.061533172911653486 0.05679563492063492
0 0.969749054657958 0.004216269841269841 0.030250945342041938 0.05555555555555555
0 0.8439326228944655 0.054563492063492064 0.062220694396699895 0.05431547619047619
0 0.907184599518735 0.053075396825396824 0.0625644551392231 0.05654761904761905
0 0.9687177724303885 0.05233134920634921 0.03128222756961155 0.05704365079365079
0 0.8446201443795118 0.10367063492063493 0.061876933654176694 0.04836309523809524
0 0.907184599518735 0.10267857142857142 0.0629082158817463 0.048859126984126984
0 0.9707803368855277 0.10267857142857142 0.028875902371949123 0.047371031746031744
0 0.0 0.17485119047619047 0.039876246132691646 0.062003968253968256
0 0.040563767617738056 0.1865079365079365 0.06325197662426951 0.059027777777777776
0 0.10484702646957718 0.18948412698412698 0.058439326228944655 0.05654761904761905
0 0.1629425919559986 0.18898809523809523 0.061189412169130285 0.05580357142857143
0 0.2241320041251289 0.18799603174603174 0.061189412169130285 0.05679563492063492
0 0.0 0.2286706349206349 0.039532485390168445 0.057539682539682536
0 0.03918872464764524 0.23834325396825398 0.06531454107940873 0.05679563492063492
0 0.10209694052939154 0.24057539682539683 0.061876933654176694 0.05431547619047619
0 0.16328635269852182 0.2378472222222222 0.061876933654176694 0.057539682539682536
0 0.2237882433826057 0.2390873015873016 0.061189412169130285 0.056299603174603176
0 0.0 0.2787698412698413 0.040563767617738056 0.05927579365079365
0 0.0 0.3288690476190476 0.040563767617738056 0.05679563492063492
0 0.038844963905122036 0.28695436507936506 0.06497078033688553 0.05357142857142857
0 0.10484702646957718 0.28869047619047616 0.059126847713991064 0.05381944444444445
0 0.040563767617738056 0.33630952380952384 0.06325197662426951 0.048859126984126984
0 0.10312822275696115 0.33779761904761907 0.060158129941560674 0.047619047619047616
0 0.1629425919559986 0.28794642857142855 0.061189412169130285 0.052083333333333336
0 0.16328635269852182 0.3373015873015873 0.0625644551392231 0.047371031746031744
0 0.22344448264008251 0.2884424603174603 0.06428325885183912 0.053075396825396824
0 0.22550704709522174 0.33804563492063494 0.0629082158817463 0.046378968253968256
0 0.28360261258164315 0.18625992063492064 0.0625644551392231 0.05803571428571429
0 0.34341698178068064 0.1857638888888889 0.06325197662426951 0.05803571428571429
0 0.406325197662427 0.18551587301587302 0.061189412169130285 0.057539682539682536
0 0.46820213131660365 0.18427579365079366 0.0629082158817463 0.05853174603174603
0 0.2860089377793056 0.23834325396825398 0.060501890684083875 0.05357142857142857
0 0.34513578549329665 0.2371031746031746 0.0635957373667927 0.05555555555555555
0 0.40666895840495015 0.2371031746031746 0.0629082158817463 0.05505952380952381
0 0.4695771742866965 0.23635912698412698 0.0625644551392231 0.05555555555555555
0 0.284977655551736 0.2874503968253968 0.061876933654176694 0.053323412698412696
0 0.34616706772086625 0.28695436507936506 0.0625644551392231 0.05357142857142857
0 0.286696459264352 0.33779761904761907 0.0625644551392231 0.047371031746031744
0 0.3478858714334823 0.33581349206349204 0.062220694396699895 0.04935515873015873
0 0.40770024063251975 0.28695436507936506 0.0635957373667927 0.054563492063492064
0 0.409762805087659 0.33705357142857145 0.061876933654176694 0.047619047619047616
0 0.47026469577174285 0.33630952380952384 0.061876933654176694 0.047867063492063495
0 0.47095221725678926 0.28621031746031744 0.060845651426607084 0.05381944444444445
0 0.5317978686833964 0.2864583333333333 0.061533172911653486 0.05357142857142857
0 0.5328291509109659 0.33630952380952384 0.060845651426607084 0.047371031746031744
0 0.5929872808525266 0.3353174603174603 0.061876933654176694 0.04811507936507937
0 0.6548642145067033 0.33407738095238093 0.0635957373667927 0.04836309523809524
0 0.7184599518734961 0.33283730158730157 0.0635957373667927 0.04861111111111111
0 0.5936748023375731 0.28521825396825395 0.061876933654176694 0.051835317460317464
0 0.6548642145067033 0.283234126984127 0.06393949810931591 0.053075396825396824
0 0.7191474733585425 0.2829861111111111 0.062220694396699895 0.052083333333333336
0 0.5307665864558267 0.18427579365079366 0.062220694396699895 0.057539682539682536
0 0.5307665864558267 0.23685515873015872 0.0629082158817463 0.054811507936507936
0 0.5929872808525266 0.18377976190476192 0.0625644551392231 0.05679563492063492
0 0.5940185630800963 0.234375 0.061533172911653486 0.05580357142857143
0 0.6545204537641801 0.18229166666666666 0.0625644551392231 0.05704365079365079
0 0.6558954967342729 0.23313492063492064 0.0625644551392231 0.053323412698412696
0 0.7181161911309728 0.18154761904761904 0.0625644551392231 0.05555555555555555
0 0.7184599518734961 0.23214285714285715 0.061533172911653486 0.05257936507936508
0 0.7810244070127191 0.17981150793650794 0.0629082158817463 0.05530753968253968
0 0.8435888621519423 0.17881944444444445 0.06462701959436232 0.056299603174603176
0 0.9082158817463045 0.1783234126984127 0.06462701959436232 0.056299603174603176
0 0.8435888621519423 0.23040674603174602 0.06462701959436232 0.05406746031746032
0 0.7810244070127191 0.23040674603174602 0.0625644551392231 0.05431547619047619
0 0.9082158817463045 0.22842261904761904 0.0635957373667927 0.05530753968253968
0 0.9738741835682365 0.1765873015873016 0.025782055689240288 0.056299603174603176
0 0.9728429013406669 0.22817460317460317 0.027157098659333103 0.05431547619047619
0 0.8446201443795118 0.28125 0.06325197662426951 0.05381944444444445
0 0.9075283602612582 0.2802579365079365 0.06462701959436232 0.05431547619047619
0 0.9721553798556205 0.27901785714285715 0.027500859401856308 0.05357142857142857
0 0.7810244070127191 0.2805059523809524 0.06462701959436232 0.05431547619047619
0 0.7813681677552423 0.33035714285714285 0.06497078033688553 0.05084325396825397
0 0.8463389480921278 0.3308531746031746 0.061876933654176694 0.0496031746031746
0 0.9082158817463045 0.3298611111111111 0.06497078033688553 0.05009920634920635
0 0.9745617050532829 0.32862103174603174 0.025438294946717083 0.05109126984126984
0 0.9841870058439326 0.40773809523809523 0.015469233413544173 0.0496031746031746
0 0.9209350292196631 0.4072420634920635 0.062220694396699895 0.04985119047619048
0 0.8545892059126847 0.4069940476190476 0.06393949810931591 0.050595238095238096
0 0.7882433826057065 0.4087301587301587 0.06600206256445514 0.04985119047619048
0 0.9848745273289791 0.4575892857142857 0.014781711928497766 0.0496031746031746
0 0.9192162255070471 0.4573412698412698 0.06462701959436232 0.050595238095238096
0 0.8539016844276384 0.45709325396825395 0.0629082158817463 0.051587301587301584
0 0.7903059470608457 0.4593253968253968 0.062220694396699895 0.050595238095238096
0 0.723272602268821 0.40947420634920634 0.06497078033688553 0.052083333333333336
0 0.7256789274664833 0.45882936507936506 0.06325197662426951 0.05233134920634921
0 0.9838432451014094 0.5071924603174603 0.01615675489859058 0.050595238095238096
0 0.9185287040220007 0.5059523809523809 0.06531454107940873 0.05233134920634921
0 0.8545892059126847 0.5066964285714286 0.0635957373667927 0.051835317460317464
0 0.7903059470608457 0.5086805555555556 0.0635957373667927 0.05084325396825397
0 0.7270539704365762 0.5079365079365079 0.06325197662426951 0.051587301587301584
0 0.9869370917841183 0.5572916666666666 0.013062908215881746 0.051835317460317464
0 0.9192162255070471 0.5562996031746031 0.06634582330697834 0.05357142857142857
0 0.8545892059126847 0.5562996031746031 0.06600206256445514 0.05257936507936508
0 0.7903059470608457 0.5572916666666666 0.06531454107940873 0.051587301587301584
0 0.7277414919216225 0.5572916666666666 0.0635957373667927 0.051587301587301584
0 0.41629425919559987 0.5086805555555556 0.060845651426607084 0.0496031746031746
0 0.47713991062220695 0.5081845238095238 0.0625644551392231 0.05009920634920635
0 0.5386730835338605 0.5081845238095238 0.0625644551392231 0.04935515873015873
0 0.6022688209006531 0.5086805555555556 0.062220694396699895 0.04985119047619048
0 0.6634582330697835 0.5089285714285714 0.06428325885183912 0.050595238095238096
0 0.41629425919559987 0.5575396825396826 0.061189412169130285 0.050595238095238096
0 0.47817119284977655 0.5562996031746031 0.0625644551392231 0.05233134920634921
0 0.5407356479889996 0.5562996031746031 0.060501890684083875 0.051835317460317464
0 0.6026125816431763 0.5570436507936508 0.061876933654176694 0.051587301587301584
0 0.664489515297353 0.5562996031746031 0.06393949810931591 0.05257936507936508
0 0.41663801993812305 0.41096230158730157 0.060501890684083875 0.05084325396825397
0 0.4767961498796837 0.4104662698412698 0.061876933654176694 0.05109126984126984
0 0.5386730835338605 0.40922619047619047 0.0625644551392231 0.05257936507936508
0 0.6008937779305603 0.4126984126984127 0.058095565486421454 0.04935515873015873
0 0.659333104159505 0.4099702380952381 0.06634582330697834 0.05257936507936508
0 0.41732554142316947 0.4595734126984127 0.060158129941560674 0.04985119047619048
0 0.4785149535922998 0.45982142857142855 0.060845651426607084 0.05009920634920635
0 0.53970436576143 0.4595734126984127 0.061533172911653486 0.04985119047619048
0 0.6022688209006531 0.4603174603174603 0.060845651426607084 0.05084325396825397
0 0.6624269508422138 0.45982142857142855 0.06462701959436232 0.050595238095238096
0 0.35407356479889995 0.4124503968253968 0.060501890684083875 0.050347222222222224
0 0.2921966311447233 0.4104662698412698 0.061189412169130285 0.053323412698412696
0 0.22997593674802339 0.41220238095238093 0.060845651426607084 0.050595238095238096
0 0.16397387418356824 0.41195436507936506 0.06462701959436232 0.05109126984126984
0 0.35476108628394637 0.4615575396825397 0.060845651426607084 0.04836309523809524
0 0.2928841526297697 0.4603174603174603 0.061189412169130285 0.050595238095238096
0 0.22791337229288416 0.4603174603174603 0.0635957373667927 0.051587301587301584
0 0.16397387418356824 0.46106150793650796 0.06325197662426951 0.051587301587301584
0 0.10072189755929872 0.46056547619047616 0.0625644551392231 0.051587301587301584
0 0.10003437607425232 0.41021825396825395 0.06393949810931591 0.053323412698412696
0 0.35304228257133036 0.5094246031746031 0.0625644551392231 0.050347222222222224
0 0.2911653489171537 0.5091765873015873 0.060501890684083875 0.051587301587301584
0 0.22791337229288416 0.5094246031746031 0.0629082158817463 0.051587301587301584
0 0.16466139566861465 0.5094246031746031 0.061876933654176694 0.05233134920634921
0 0.10175317978686833 0.5104166666666666 0.0635957373667927 0.05109126984126984
0 0.10278446201443796 0.5592757936507936 0.06325197662426951 0.05109126984126984
0 0.16603643863870746 0.5592757936507936 0.061876933654176694 0.05109126984126984
0 0.22791337229288416 0.5592757936507936 0.0635957373667927 0.050595238095238096
0 0.2921966311447233 0.5582837301587301 0.061876933654176694 0.05109126984126984
0 0.3537298040563768 0.5570436507936508 0.0629082158817463 0.05233134920634921
0 0.040563767617738056 0.5582837301587301 0.062220694396699895 0.052083333333333336
0 0.00034376074252320387 0.5592757936507936 0.039876246132691646 0.05084325396825397
0 0.041251289102784465 0.5099206349206349 0.059470608456514265 0.05084325396825397
0 0.00034376074252320387 0.5081845238095238 0.04022000687521485 0.05109126984126984
0 0.0006875214850464077 0.40773809523809523 0.03850120316259883 0.051835317460317464
0 0.03918872464764524 0.4087301587301587 0.060158129941560674 0.05357142857142857
0 0.0 0.4585813492063492 0.04022000687521485 0.0496031746031746
0 0.03918872464764524 0.4603174603174603 0.062220694396699895 0.050595238095238096
0 0.00034376074252320387 0.6339285714285714 0.041595049845307666 0.05257936507936508
0 0.04262633207287728 0.6356646825396826 0.061876933654176694 0.05257936507936508
0 0.10450326572705397 0.6349206349206349 0.061189412169130285 0.05282738095238095
0 0.16569267789618425 0.6344246031746031 0.060845651426607084 0.05381944444444445
0 0.0 0.6812996031746031 0.04193881058783087 0.05580357142857143
0 0.042282571330354075 0.6842757936507936 0.061533172911653486 0.05357142857142857
0 0.10484702646957718 0.6832837301587301 0.05981436919903747 0.05431547619047619
0 0.16569267789618425 0.6830357142857143 0.061189412169130285 0.05580357142857143
0 0.0 0.7313988095238095 0.040563767617738056 0.056051587301587304
0 0.04022000687521485 0.7326388888888888 0.06325197662426951 0.054811507936507936
0 0.10381574424200757 0.7333829365079365 0.061533172911653486 0.05406746031746032
0 0.16534891715366104 0.7356150793650794 0.0629082158817463 0.053075396825396824
0 0.0 0.7810019841269841 0.04022000687521485 0.05704365079365079
0 0.04090752836026126 0.7802579365079365 0.061876933654176694 0.05580357142857143
0 0.10037813681677553 0.7810019841269841 0.0635957373667927 0.05654761904761905
0 0.16534891715366104 0.7834821428571429 0.0635957373667927 0.054811507936507936
0 0.0006875214850464077 0.8559027777777778 0.060501890684083875 0.06572420634920635
0 0.061189412169130285 0.8571428571428571 0.06462701959436232 0.06498015873015874
0 0.1258164317634926 0.8551587301587301 0.07047095221725679 0.06919642857142858
0 0.1976624269508422 0.8571428571428571 0.060501890684083875 0.06870039682539683
0 0.0030938466827088347 0.9139384920634921 0.059470608456514265 0.06125992063492063
0 0.061876933654176694 0.9119543650793651 0.06634582330697834 0.0625
0 0.12616019250601582 0.9166666666666666 0.06978343073221038 0.06125992063492063
0 0.195599862495703 0.9171626984126984 0.06600206256445514 0.06374007936507936
0 0.012375386730835339 0.9635416666666666 0.050532829150910966 0.035962301587301584
0 0.0625644551392231 0.9660218253968254 0.06634582330697834 0.0339781746031746
0 0.12753523547610862 0.9680059523809523 0.06978343073221038 0.031994047619047616
0 0.19834994843588863 0.9699900793650794 0.06393949810931591 0.02976190476190476
0 0.9614987968374011 0.8559027777777778 0.03815744242007563 0.07192460317460317
0 0.882090065314541 0.8539186507936508 0.07665864558267446 0.07837301587301587
0 0.812650395324854 0.8551587301587301 0.06737710553454795 0.07192460317460317
0 0.22791337229288416 0.6349206349206349 0.0625644551392231 0.05381944444444445
0 0.29150910965967686 0.6351686507936508 0.060158129941560674 0.053323412698412696
0 0.35304228257133036 0.6349206349206349 0.061533172911653486 0.05282738095238095
0 0.41491921622550704 0.6356646825396826 0.06325197662426951 0.05357142857142857
0 0.22722585080783775 0.6850198412698413 0.0625644551392231 0.05431547619047619
0 0.29082158817463044 0.6842757936507936 0.061189412169130285 0.054811507936507936
0 0.3516672396012375 0.6842757936507936 0.0629082158817463 0.05505952380952381
0 0.4142316947404606 0.683531746031746 0.0629082158817463 0.05679563492063492
0 0.22722585080783775 0.732390873015873 0.061876933654176694 0.056299603174603176
0 0.288415262976968 0.7333829365079365 0.0625644551392231 0.056051587301587304
0 0.3516672396012375 0.7336309523809523 0.06325197662426951 0.05704365079365079
0 0.22791337229288416 0.7822420634920635 0.0625644551392231 0.05555555555555555
0 0.29047782743210726 0.7817460317460317 0.060158129941560674 0.05704365079365079
0 0.3516672396012375 0.7834821428571429 0.06325197662426951 0.05654761904761905
0 0.41491921622550704 0.7829861111111112 0.062220694396699895 0.057291666666666664
0 0.47748367136473013 0.7810019841269841 0.061189412169130285 0.057787698412698416
0 0.5393606050189068 0.7797619047619048 0.06565830182193194 0.06001984126984127
0 0.41595049845307663 0.7316468253968254 0.062220694396699895 0.05828373015873016
0 0.47920247507734615 0.7326388888888888 0.059470608456514265 0.05654761904761905
0 0.53970436576143 0.7318948412698413 0.0635957373667927 0.05853174603174603
0 0.6039876246132692 0.7318948412698413 0.062220694396699895 0.05803571428571429
0 0.6651770367823995 0.7326388888888888 0.061189412169130285 0.05679563492063492
0 0.6026125816431763 0.7822420634920635 0.06393949810931591 0.05803571428571429
0 0.9883121347542111 0.636656746031746 0.011687865245788931 0.051835317460317464
0 0.9199037469920935 0.6361607142857143 0.06668958404950155 0.05431547619047619
0 0.8580268133379169 0.6351686507936508 0.061533172911653486 0.05431547619047619
0 0.7930560330010313 0.6351686507936508 0.06393949810931591 0.05555555555555555
0 0.7291165348917154 0.6324404761904762 0.0629082158817463 0.05828373015873016
0 0.7273977311790993 0.6827876984126984 0.06531454107940873 0.057291666666666664
0 0.7930560330010313 0.6830357142857143 0.06531454107940873 0.05828373015873016
0 0.8580268133379169 0.6832837301587301 0.0629082158817463 0.05828373015873016
0 0.9205912684771399 0.6832837301587301 0.06772086627707116 0.060267857142857144
0 0.47713991062220695 0.6344246031746031 0.062220694396699895 0.05381944444444445
0 0.5386730835338605 0.6334325396825397 0.06393949810931591 0.05530753968253968
0 0.605362667583362 0.6346726190476191 0.05981436919903747 0.05530753968253968
0 0.666208319009969 0.6344246031746031 0.061533172911653486 0.05505952380952381
0 0.47748367136473013 0.6827876984126984 0.062220694396699895 0.056051587301587304
0 0.5383293227913373 0.6827876984126984 0.06428325885183912 0.05654761904761905
0 0.6033001031282228 0.6832837301587301 0.0629082158817463 0.056051587301587304
0 0.666208319009969 0.6830357142857143 0.060845651426607084 0.05704365079365079
0 0.666208319009969 0.7807539682539683 0.0625644551392231 0.057539682539682536
0 0.7287727741491922 0.732390873015873 0.06600206256445514 0.059027777777777776
0 0.7291165348917154 0.7822420634920635 0.06531454107940873 0.058779761904761904
0 0.7964936404262634 0.7348710317460317 0.0635957373667927 0.05704365079365079
0 0.7947748367136473 0.7827380952380952 0.06668958404950155 0.058779761904761904
0 0.8604331385355792 0.7829861111111112 0.06497078033688553 0.06001984126984127
0 0.9226538329322791 0.7827380952380952 0.06668958404950155 0.061755952380952384
0 0.8604331385355792 0.7328869047619048 0.06325197662426951 0.05679563492063492
0 0.9229975936748024 0.7346230158730159 0.06668958404950155 0.05853174603174603
0 0.9896871777243039 0.7839781746031746 0.009969061533172912 0.020833333333333332
0 0.9896871777243039 0.7375992063492064 0.009969061533172912 0.051835317460317464
0 0.9886558954967343 0.6872519841269841 0.011344104503265727 0.05084325396825397
0 0.605362667583362 0.8539186507936508 0.072533516672396 0.07862103174603174
0 0.6799587487108972 0.8568948412698413 0.0629082158817463 0.06944444444444445
0 0.7435544860776899 0.857390873015873 0.07047095221725679 0.07242063492063493
0 0.25850807837744927 0.8563988095238095 0.07081471295978 0.0763888888888889
0 0.32829150910965965 0.8497023809523809 0.0718459951873496 0.07886904761904762
0 0.4008250257820557 0.8487103174603174 0.06634582330697834 0.07589285714285714
0 0.26022688209006534 0.9181547619047619 0.07218975592987281 0.06671626984126984
0 0.3310415950498453 0.9186507936507936 0.0718459951873496 0.0642361111111111
0 0.4025438294946717 0.9156746031746031 0.06531454107940873 0.062003968253968256
0 0.2609144035751117 0.9692460317460317 0.06909590924716398 0.030753968253968252
0 0.3310415950498453 0.96875 0.07287727741491921 0.03125
0 0.4028875902371949 0.964781746031746 0.06428325885183912 0.03521825396825397
0 0.46820213131660365 0.9665178571428571 0.06943966998968717 0.033234126984126984
0 0.46820213131660365 0.9166666666666666 0.07047095221725679 0.0642361111111111
0 0.46717084908903406 0.8509424603174603 0.06772086627707116 0.07713293650793651
0 0.5369542798212444 0.8504464285714286 0.06943966998968717 0.07366071428571429
0 0.5383293227913373 0.9129464285714286 0.06737710553454795 0.06448412698412699
0 0.6067377105534548 0.9171626984126984 0.0715022344448264 0.07018849206349206
0 0.6792712272258508 0.9141865079365079 0.061533172911653486 0.06547619047619048
0 0.53970436576143 0.9655257936507936 0.06668958404950155 0.0339781746031746
0 0.6060501890684084 0.9712301587301587 0.072533516672396 0.028769841269841268
0 0.6785837057408044 0.9689980158730159 0.062220694396699895 0.03050595238095238
0 0.7421794431075971 0.9154265873015873 0.0715022344448264 0.07043650793650794
0 0.81436919903747 0.9144345238095238 0.06393949810931591 0.06572420634920635
0 0.8810587830869715 0.9206349206349206 0.07768992781024407 0.06522817460317461
0 0.9618425575799243 0.9188988095238095 0.037813681677552426 0.061755952380952384
0 0.961155036094878 0.9702380952380952 0.038844963905122036 0.02976190476190476
0 0.880371261601925 0.9672619047619048 0.07803368855276728 0.03273809523809524
0 0.8140254382949467 0.9660218253968254 0.06565830182193194 0.03373015873015873
0 0.7411481608800276 0.9704861111111112 0.072533516672396 0.029017857142857144
