0 0.3776552287581699 0.0428921568627451 0.020016339869281044 0.15778186274509803
0 0.3480392156862745 0.05024509803921569 0.018790849673202614 0.15226715686274508
0 0.3176062091503268 0.05116421568627451 0.02287581699346405 0.1485906862745098
0 0.010620915032679739 0.06556372549019608 0.016544117647058824 0.14613970588235295
0 0.0002042483660130719 0.052083333333333336 0.008986928104575163 0.16115196078431374
0 0.9274918300653595 0.20036764705882354 0.03451797385620915 0.04656862745098039
0 0.8629493464052288 0.19914215686274508 0.032679738562091505 0.017769607843137254
0 0.0843545751633987 0.8115808823529411 0.029616013071895424 0.018688725490196078
0 0.4950980392156863 0.8688725490196079 0.09538398692810457 0.12806372549019607
0 0.5935457516339869 0.8676470588235294 0.09906045751633986 0.13174019607843138
0 0.6895424836601307 0.8575367647058824 0.09456699346405228 0.14215686274509803
0 0.7763480392156863 0.8700980392156863 0.10600490196078431 0.12806372549019607
0 0.4464869281045752 0.4056372549019608 0.032475490196078434 0.018995098039215685
0 0.38235294117647056 0.4074754901960784 0.03594771241830065 0.0585171568627451
0 0.32679738562091504 0.4074754901960784 0.03533496732026144 0.061887254901960786
0 0.03758169934640523 0.4096200980392157 0.02185457516339869 0.0196078431372549
0 0.3813316993464052 0.8164828431372549 0.034109477124183 0.05422794117647059
0 0.1576797385620915 0.8146446078431373 0.03125 0.014705882352941176
0 0.6156045751633987 0.19914215686274508 0.03370098039215686 0.07169117647058823
0 0.15441176470588236 0.24693627450980393 0.01940359477124183 0.15870098039215685
0 0.12459150326797386 0.24754901960784315 0.01940359477124183 0.15962009803921567
0 0.09701797385620915 0.24754901960784315 0.0181781045751634 0.16145833333333334
0 0.17830882352941177 0.28125 0.028390522875816993 0.12071078431372549
0 0.06535947712418301 0.24877450980392157 0.02287581699346405 0.16145833333333334
0 0.9522058823529411 0.46109068627450983 0.019812091503267973 0.15226715686274508
0 0.9236111111111112 0.46017156862745096 0.01613562091503268 0.15318627450980393
0 0.8929738562091504 0.45955882352941174 0.018586601307189542 0.15441176470588236
0 0.8402777777777778 0.45465686274509803 0.020833333333333332 0.15716911764705882
0 0.8116830065359477 0.4525122549019608 0.022263071895424837 0.16145833333333334
0 0.7798202614379085 0.45006127450980393 0.023080065359477125 0.16176470588235295
0 0.7512254901960784 0.45067401960784315 0.023488562091503268 0.16881127450980393
0 0.7209967320261438 0.4491421568627451 0.02144607843137255 0.16482843137254902
0 0.6909722222222222 0.45006127450980393 0.022263071895424837 0.16544117647058823
0 0.6601307189542484 0.4491421568627451 0.02246732026143791 0.16636029411764705
0 0.6325571895424836 0.4534313725490196 0.020833333333333332 0.16299019607843138
0 0.5982434640522876 0.46568627450980393 0.026552287581699346 0.14981617647058823
0 0.5629084967320261 0.4522058823529412 0.02900326797385621 0.16329656862745098
0 0.5351307189542484 0.4647671568627451 0.022058823529411766 0.15379901960784315
0 0.5014297385620915 0.46721813725490197 0.02696078431372549 0.15073529411764705
0 0.47181372549019607 0.45955882352941174 0.017565359477124183 0.16084558823529413
0 0.9863153594771242 0.057904411764705885 0.013480392156862746 0.13664215686274508
0 0.9699754901960784 0.06924019607843138 0.016748366013071895 0.12653186274509803
0 0.9603758169934641 0.07659313725490197 0.013888888888888888 0.11825980392156862
0 0.9466911764705882 0.08884803921568628 0.014297385620915032 0.10692401960784313
0 0.9338235294117647 0.09834558823529412 0.013684640522875817 0.0974264705882353
0 0.8680555555555556 0.0545343137254902 0.061887254901960786 0.13939950980392157
0 0.8390522875816994 0.0389093137254902 0.017361111111111112 0.15747549019607843
0 0.8086192810457516 0.035845588235294115 0.02144607843137255 0.16053921568627452
0 0.8035130718954249 0.046875 0.011029411764705883 0.04442401960784314
0 0.7930964052287581 0.056372549019607844 0.00980392156862745 0.03768382352941176
0 0.7759395424836601 0.06372549019607843 0.017973856209150325 0.13480392156862744
0 0.7440767973856209 0.06158088235294118 0.01940359477124183 0.13419117647058823
0 0.7113970588235294 0.03400735294117647 0.018790849673202614 0.16513480392156862
0 0.6795343137254902 0.0352328431372549 0.019812091503267973 0.16115196078431374
0 0.2875816993464052 0.10049019607843138 0.024509803921568627 0.09926470588235294
0 0.2667483660130719 0.09283088235294118 0.013888888888888888 0.11060049019607843
0 0.25735294117647056 0.06464460784313726 0.009395424836601307 0.14338235294117646
0 0.24979575163398693 0.0625 0.008782679738562092 0.13817401960784315
0 0.2318218954248366 0.05024509803921569 0.018586601307189542 0.15533088235294118
0 0.20302287581699346 0.05238970588235294 0.016952614379084966 0.15410539215686275
0 0.04125816993464052 0.061887254901960786 0.014501633986928105 0.14736519607843138
0 0.02389705882352941 0.05698529411764706 0.01940359477124183 0.15349264705882354
0 0.6801470588235294 0.20036764705882354 0.031862745098039214 0.02022058823529412
0 0.4340277777777778 0.8134191176470589 0.03819444444444445 0.01991421568627451
0 0.9166666666666666 0.6421568627450981 0.02022058823529412 0.16115196078431374
0 0.9444444444444444 0.6418504901960784 0.02062908496732026 0.16053921568627452
0 0.9681372549019608 0.6458333333333334 0.028390522875816993 0.15870098039215685
0 0.9718137254901961 0.40042892156862747 0.027573529411764705 0.016544117647058824
0 0.8394607843137255 0.4013480392156863 0.0298202614379085 0.017769607843137254
0 0.7026143790849673 0.4019607843137255 0.032883986928104576 0.021139705882352942
0 0.6382761437908496 0.40410539215686275 0.03165849673202614 0.017463235294117647
0 0.5890522875816994 0.40441176470588236 0.03145424836601307 0.06219362745098039
0 0.26266339869281047 0.4099264705882353 0.04003267973856209 0.06464460784313726
0 0.6276552287581699 0.6207107843137255 0.03022875816993464 0.06862745098039216
0 0.9814133986928104 0.8112745098039216 0.017973856209150325 0.0625
0 0.9211601307189542 0.8063725490196079 0.03390522875816993 0.02267156862745098
0 0.8629493464052288 0.8103553921568627 0.032475490196078434 0.06341911764705882
0 0.7424428104575164 0.8112745098039216 0.03329248366013072 0.046875
0 0.6162173202614379 0.8198529411764706 0.034109477124183 0.0548406862745098
0 0.6772875816993464 0.8146446078431373 0.03594771241830065 0.053002450980392156
0 0.5559640522875817 0.8146446078431373 0.03125 0.0548406862745098
0 0.6783088235294118 0.04595588235294118 0.010620915032679739 0.15257352941176472
0 0.6662581699346405 0.06433823529411764 0.011437908496732025 0.13143382352941177
0 0.6343954248366013 0.09466911764705882 0.014501633986928105 0.10110294117647059
0 0.619281045751634 0.09712009803921569 0.006944444444444444 0.10079656862745098
0 0.5923202614379085 0.036458333333333336 0.01838235294117647 0.15900735294117646
0 0.5594362745098039 0.0389093137254902 0.02022058823529412 0.15747549019607843
0 0.5247140522875817 0.0389093137254902 0.023080065359477125 0.16023284313725492
0 0.49754901960784315 0.03982843137254902 0.02185457516339869 0.15931372549019607
0 0.4650735294117647 0.04013480392156863 0.023080065359477125 0.15992647058823528
0 0.4354575163398693 0.04197303921568627 0.024509803921568627 0.16145833333333334
0 0.40584150326797386 0.0352328431372549 0.025326797385620915 0.1636029411764706
0 0.38500816993464054 0.6896446078431373 0.05616830065359477 0.1246936274509804
0 0.46977124183006536 0.6608455882352942 0.03022875816993464 0.1559436274509804
0 0.5259395424836601 0.6507352941176471 0.03104575163398693 0.15962009803921567
0 0.5845588235294118 0.6519607843137255 0.025939542483660132 0.15839460784313725
0 0.6495098039215687 0.649203431372549 0.02696078431372549 0.16329656862745098
0 0.0012254901960784314 0.8517156862745098 0.1090686274509804 0.14644607843137256
0 0.06372549019607843 0.8541666666666666 0.125 0.14522058823529413
0 0.14460784313725492 0.8848039215686274 0.07455065359477124 0.11213235294117647
0 0.20322712418300654 0.8596813725490197 0.11805555555555555 0.13725490196078433
0 0.30453431372549017 0.8655024509803921 0.09313725490196079 0.13388480392156862
0 0.8717320261437909 0.6167279411764706 0.029616013071895424 0.019301470588235295
0 0.1962826797385621 0.002144607843137255 0.016339869281045753 0.0860906862745098
0 0.16727941176470587 0.002144607843137255 0.027777777777777776 0.08700980392156862
0 0.136437908496732 0.00030637254901960784 0.03022875816993464 0.08884803921568628
0 0.15093954248366012 0.08915441176470588 0.03451797385620915 0.12009803921568628
0 0.12193627450980392 0.08455882352941177 0.03329248366013072 0.12285539215686274
0 0.11049836601307189 0.04932598039215686 0.016544117647058824 0.15808823529411764
0 0.08292483660130719 0.04932598039215686 0.014501633986928105 0.15900735294117646
0 0.0690359477124183 0.06556372549019608 0.014501633986928105 0.14368872549019607
0 0.0545343137254902 0.05606617647058824 0.017565359477124183 0.15226715686274508
0 0.7430555555555556 0.203125 0.03615196078431373 0.03768382352941176
0 0.26286764705882354 0.8167892156862745 0.03165849673202614 0.016544117647058824
0 0.039419934640522875 0.6197916666666666 0.028390522875816993 0.01685049019607843
0 0.09375 0.6191789215686274 0.03165849673202614 0.021752450980392156
0 0.1627859477124183 0.6234681372549019 0.03165849673202614 0.018995098039215685
0 0.21548202614379086 0.6240808823529411 0.032679738562091505 0.06495098039215687
0 0.8104575163398693 0.6151960784313726 0.03227124183006536 0.07506127450980392
0 0.49080882352941174 0.8164828431372549 0.034722222222222224 0.057291666666666664
0 0.03533496732026144 0.8097426470588235 0.03227124183006536 0.020526960784313725
0 0.15093954248366012 0.40839460784313725 0.03901143790849673 0.06862745098039216
0 0.8041258169934641 0.8112745098039216 0.03799019607843137 0.05821078431372549
0 0.2937091503267974 0.6596200980392157 0.025939542483660132 0.15196078431372548
0 0.8033088235294118 0.19669117647058823 0.03451797385620915 0.06801470588235294
0 0.3641748366013072 0.20557598039215685 0.03431372549019608 0.04656862745098039
0 0.30637254901960786 0.20435049019607843 0.03594771241830065 0.02267156862745098
0 0.24428104575163398 0.20802696078431374 0.03860294117647059 0.057904411764705885
0 0.1830065359477124 0.20772058823529413 0.03533496732026144 0.07077205882352941
0 0.12765522875816993 0.20863970588235295 0.032066993464052285 0.024509803921568627
0 0.07148692810457516 0.2113970588235294 0.034109477124183 0.02267156862745098
0 0.024305555555555556 0.21323529411764705 0.03022875816993464 0.06801470588235294
0 0.9646650326797386 0.26256127450980393 0.015727124183006536 0.1329656862745098
0 0.9546568627450981 0.26746323529411764 0.011029411764705883 0.13051470588235295
0 0.9328022875816994 0.26256127450980393 0.015522875816993464 0.13541666666666666
0 0.8997140522875817 0.26256127450980393 0.01715686274509804 0.13419117647058823
0 0.4818218954248366 0.2613357843137255 0.02267156862745098 0.14246323529411764
0 0.45098039215686275 0.2613357843137255 0.022058823529411766 0.14246323529411764
0 0.42197712418300654 0.26776960784313725 0.023284313725490197 0.13694852941176472
0 0.3903186274509804 0.2659313725490196 0.02022058823529412 0.13878676470588236
0 0.3604983660130719 0.2549019607843137 0.0181781045751634 0.14552696078431374
0 0.3304738562091503 0.24479166666666666 0.02267156862745098 0.1568627450980392
0 0.24428104575163398 0.26838235294117646 0.020016339869281044 0.13602941176470587
0 0.2193627450980392 0.24846813725490197 0.01511437908496732 0.15747549019607843
0 0.1977124183006536 0.8137254901960784 0.03390522875816993 0.06709558823529412
0 0.4082924836601307 0.46017156862745096 0.02389705882352941 0.15931372549019607
0 0.28308823529411764 0.46875 0.023080065359477125 0.14981617647058823
0 0.25306372549019607 0.4632352941176471 0.02287581699346405 0.15533088235294118
0 0.2207924836601307 0.4742647058823529 0.02287581699346405 0.14522058823529413
0 0.19117647058823528 0.4586397058823529 0.022263071895424837 0.16237745098039216
0 0.15890522875816993 0.47518382352941174 0.02696078431372549 0.14338235294117646
0 0.12724673202614378 0.45557598039215685 0.024509803921568627 0.16115196078431374
0 0.09538398692810457 0.47089460784313725 0.024509803921568627 0.14736519607843138
0 0.04044117647058824 0.4577205882352941 0.018995098039215685 0.1568627450980392
0 0.01838235294117647 0.6541053921568627 0.021037581699346407 0.15287990196078433
0 0.440359477124183 0.6605392156862745 0.029411764705882353 0.15134803921568626
0 0.3472222222222222 0.6234681372549019 0.028799019607843136 0.06464460784313726
0 0.4050245098039216 0.6219362745098039 0.03022875816993464 0.06587009803921569
0 0.5042892156862745 0.6222426470588235 0.029616013071895424 0.0664828431372549
0 0.5651552287581699 0.6207107843137255 0.03329248366013072 0.07107843137254902
0 0.704248366013072 0.6182598039215687 0.032679738562091505 0.06801470588235294
0 0.7516339869281046 0.6176470588235294 0.03431372549019608 0.07261029411764706
0 0.4440359477124183 0.46170343137254904 0.017769607843137254 0.1568627450980392
0 0.34211601307189543 0.4577205882352941 0.025939542483660132 0.15931372549019607
0 0.31086601307189543 0.46109068627450983 0.02696078431372549 0.1568627450980392
0 0.049223856209150325 0.6703431372549019 0.0181781045751634 0.13848039215686275
0 0.10886437908496732 0.6731004901960784 0.018790849673202614 0.13572303921568626
0 0.1374591503267974 0.6731004901960784 0.020016339869281044 0.1332720588235294
0 0.1656454248366013 0.6498161764705882 0.02042483660130719 0.15992647058823528
0 0.19056372549019607 0.6519607843137255 0.03431372549019608 0.15471813725490197
0 0.26266339869281047 0.6544117647058824 0.029411764705882353 0.1559436274509804
0 0.32393790849673204 0.6908700980392157 0.024305555555555556 0.11825980392156862
0 0.3506944444444444 0.6908700980392157 0.031862745098039214 0.12071078431372549
0 0.32659313725490197 0.8134191176470589 0.034109477124183 0.017769607843137254
0 0.5402369281045751 0.19791666666666666 0.035130718954248366 0.07291666666666667
0 0.48651960784313725 0.20036764705882354 0.04105392156862745 0.0741421568627451
0 0.6172385620915033 0.6890318627450981 0.02900326797385621 0.1213235294117647
0 0.6783088235294118 0.647671568627451 0.023284313725490197 0.16482843137254902
0 0.7081290849673203 0.6859681372549019 0.021241830065359478 0.12438725490196079
0 0.7383578431372549 0.7193627450980392 0.027573529411764705 0.08946078431372549
0 0.7681781045751634 0.7208946078431373 0.02900326797385621 0.08884803921568628
0 0.8004493464052288 0.6507352941176471 0.025122549019607844 0.15747549019607843
0 0.8302696078431373 0.6455269607843137 0.02267156862745098 0.16176470588235295
0 0.8584558823529411 0.6501225490196079 0.02165032679738562 0.1568627450980392
0 0.8868464052287581 0.6470588235294118 0.022058823529411766 0.15778186274509803
0 0.8670343137254902 0.2610294117647059 0.015522875816993464 0.13786764705882354
0 0.835171568627451 0.2622549019607843 0.016339869281045753 0.13572303921568626
0 0.8012663398692811 0.26256127450980393 0.016952614379084966 0.13480392156862744
0 0.7685866013071896 0.26317401960784315 0.022058823529411766 0.13541666666666666
0 0.7391748366013072 0.2619485294117647 0.016544117647058824 0.13633578431372548
0 0.7069035947712419 0.26378676470588236 0.015727124183006536 0.13664215686274508
0 0.6719771241830066 0.2619485294117647 0.016952614379084966 0.13909313725490197
0 0.6399101307189542 0.2650122549019608 0.0181781045751634 0.13480392156862744
0 0.6027369281045751 0.23651960784313725 0.022058823529411766 0.16268382352941177
0 0.5737336601307189 0.23774509803921567 0.023284313725490197 0.16329656862745098
0 0.5410539215686274 0.25183823529411764 0.023284313725490197 0.15104166666666666
0 0.5132761437908496 0.2423406862745098 0.02389705882352941 0.15778186274509803
0 0.07066993464052287 0.46047794117647056 0.0196078431372549 0.15778186274509803
0 0.08108660130718955 0.40441176470588236 0.05555555555555555 0.07107843137254902
0 0.20710784313725492 0.40931372549019607 0.03839869281045752 0.06678921568627451
0 0.5191993464052288 0.4050245098039216 0.032475490196078434 0.06341911764705882
0 0.8594771241830066 0.8774509803921569 0.13112745098039216 0.12009803921568628
0 0.3020833333333333 0.24693627450980393 0.020833333333333332 0.15747549019607843
0 0.27328431372549017 0.24693627450980393 0.016544117647058824 0.15839460784313725
0 0.38848039215686275 0.8759191176470589 0.1096813725490196 0.12224264705882353
0 0.7853349673202614 0.39859068627450983 0.03227124183006536 0.020833333333333332
0 0.9072712418300654 0.40349264705882354 0.03615196078431373 0.012561274509803922
0 0.9861111111111112 0.4577205882352941 0.012459150326797386 0.15012254901960784
0 0.0974264705882353 0.057904411764705885 0.012459150326797386 0.14950980392156862
0 0.3758169934640523 0.46017156862745096 0.01838235294117647 0.15870098039215685
0 0.42626633986928103 0.20435049019607843 0.039419934640522875 0.07169117647058823
0 0.0784313725490196 0.6721813725490197 0.016544117647058824 0.13756127450980393
