0 0.22508591065292097 0.0014457831325301205 0.04266895761741123 0.07566265060240963
0 0.24770904925544102 0.0009638554216867469 0.13631156930126 0.09132530120481927
0 0.3571019473081329 0.005301204819277108 0.12285223367697594 0.10506024096385543
0 0.0 0.0 0.060423825887743414 0.04626506024096386
0 0.054696449026345934 0.0014457831325301205 0.17783505154639176 0.06891566265060241
0 0.436426116838488 0.011325301204819277 0.1156930126002291 0.08048192771084338
0 0.48424971363115693 0.09614457831325302 0.0638602520045819 0.006987951807228916
0 0.4845360824742268 0.10891566265060242 0.05526918671248568 0.0038554216867469878
0 0.5171821305841925 0.02530120481927711 0.06099656357388316 0.0874698795180723
0 0.5441008018327605 0.030361445783132532 0.11254295532646048 0.0874698795180723
0 0.6194158075601375 0.046506024096385545 0.09707903780068729 0.08963855421686746
0 0.6709621993127147 0.04819277108433735 0.1033791523482245 0.08843373493975903
0 0.7416953035509737 0.06457831325301205 0.10223367697594501 0.09325301204819277
0 0.8144329896907216 0.0780722891566265 0.059278350515463915 0.0910843373493976
0 0.8576746849942726 0.06481927710843373 0.08877434135166094 0.116144578313253
0 0.9261168384879725 0.07855421686746988 0.07388316151202749 0.1108433734939759
0 0.9845360824742269 0.08867469879518072 0.014891179839633447 0.05373493975903614
0 0.000859106529209622 0.11927710843373494 0.17153493699885453 0.21590361445783132
0 0.16666666666666666 0.14144578313253012 0.18241695303550973 0.08674698795180723
0 0.3465063001145475 0.1508433734939759 0.15578465063001146 0.07156626506024097
0 0.18442153493699887 0.20048192771084336 0.21792668957617412 0.13518072289156627
0 0.39862542955326463 0.20674698795180724 0.184135166093929 0.15204819277108433
0 0.5624284077892325 0.23156626506024097 0.11082474226804123 0.12795180722891566
0 0.645475372279496 0.24313253012048192 0.09221076746849943 0.11493975903614458
0 0.6563573883161512 0.24650602409638553 0.05326460481099656 0.0163855421686747
0 0.7076174112256587 0.2546987951807229 0.0572737686139748 0.10289156626506024
0 0.7571592210767468 0.2612048192771084 0.1036655211912944 0.10024096385542168
0 0.8427835051546392 0.267710843373494 0.08161512027491409 0.09927710843373494
0 0.9100801832760596 0.2749397590361446 0.034077892325315 0.04
0 0.9424398625429553 0.27228915662650605 0.03293241695303551 0.030602409638554217
0 0.979381443298969 0.27180722891566267 0.019759450171821305 0.02963855421686747
0 0.0 0.41879518072289157 0.05784650630011455 0.18795180722891566
0 0.0 0.404578313253012 0.03178694158075601 0.022409638554216866
0 0.000286368843069874 0.3963855421686747 0.026059564719358535 0.017349397590361446
0 0.018900343642611683 0.38433734939759034 0.1517754868270332 0.028674698795180722
0 0.0352233676975945 0.4098795180722892 0.14289805269186712 0.014457831325301205
0 0.041237113402061855 0.42819277108433734 0.18298969072164947 0.1616867469879518
0 0.17439862542955326 0.39590361445783134 0.10252004581901489 0.03180722891566265
0 0.20103092783505155 0.4072289156626506 0.0429553264604811 0.1383132530120482
0 0.22107674684994272 0.40240963855421685 0.045819014891179836 0.023373493975903614
0 0.25 0.41518072289156627 0.024054982817869417 0.1674698795180723
0 0.26603665521191294 0.41855421686746985 0.15578465063001146 0.17180722891566266
0 0.4072164948453608 0.4195180722891566 0.14347079037800686 0.15397590361445784
0 0.2952462772050401 0.39036144578313253 0.10767468499427263 0.020240963855421686
0 0.4020618556701031 0.3949397590361446 0.04009163802978236 0.014698795180722892
0 0.4464490263459336 0.4016867469879518 0.032359679266895765 0.010120481927710843
0 0.49026345933562426 0.4021686746987952 0.06786941580756013 0.019036144578313253
0 0.5312142038946163 0.41518072289156627 0.13172966781214204 0.1416867469879518
0 0.5670103092783505 0.40072289156626506 0.05011454753722795 0.017349397590361446
0 0.5220504009163803 0.3942168674698795 0.07016036655211913 0.006987951807228916
0 0.6274341351660939 0.41036144578313255 0.07445589919816724 0.016626506024096384
0 0.6520618556701031 0.4207228915662651 0.12571592210767468 0.1346987951807229
0 0.7700458190148912 0.4351807228915663 0.09106529209621993 0.11228915662650603
0 0.8688430698739977 0.47807228915662653 0.04868270332187858 0.0653012048192771
0 0.9003436426116839 0.47156626506024096 0.046105383734249716 0.07108433734939759
0 0.7923825887743413 0.41879518072289157 0.03722794959908362 0.012289156626506025
0 0.8273195876288659 0.42481927710843376 0.06300114547537228 0.05060240963855422
0 0.8800114547537228 0.4272289156626506 0.048109965635738834 0.043373493975903614
0 0.9172394043528064 0.43060240963855423 0.028350515463917526 0.03662650602409639
0 0.8674112256586484 0.41759036144578315 0.028350515463917526 0.008433734939759036
0 0.9152348224513173 0.41855421686746985 0.01918671248568156 0.008674698795180723
0 0.9478808705612829 0.4113253012048193 0.0518327605956472 0.10915662650602409
0 0.13946162657502864 0.0007228915662650603 0.06128293241695303 0.021445783132530122
0 0.3845933562428408 0.018313253012048194 0.056128293241695305 0.026265060240963856
0 0.45446735395189003 0.017108433734939758 0.048109965635738834 0.009879518072289156
0 0.5555555555555556 0.030843373493975902 0.05641466208476518 0.016626506024096384
0 0.6191294387170676 0.04891566265060241 0.04553264604810996 0.014457831325301205
0 0.688717067583047 0.05349397590361446 0.04839633447880871 0.018795180722891568
0 0.7560137457044673 0.07156626506024097 0.04896907216494845 0.017349397590361446
0 0.9080756013745704 0.07951807228915662 0.023195876288659795 0.026024096385542168
0 0.9621993127147767 0.09518072289156626 0.026345933562428408 0.019759036144578312
0 0.07674684994272624 0.1530120481927711 0.06901489117983964 0.042650602409638555
0 0.3026918671248568 0.22674698795180723 0.05412371134020619 0.03662650602409639
0 0.4988545246277205 0.24096385542168675 0.05011454753722795 0.03662650602409639
0 0.5950744558991982 0.23710843373493976 0.026918671248568157 0.010843373493975903
0 0.6698167239404352 0.2508433734939759 0.04324169530355097 0.02313253012048193
0 0.8118556701030928 0.26795180722891565 0.01288659793814433 0.008674698795180723
0 0.8459335624284078 0.28072289156626506 0.02147766323024055 0.024096385542168676
0 0.8868843069873997 0.27325301204819274 0.028923253150057275 0.02457831325301205
0 0.0 0.44506024096385544 0.012027491408934709 0.028433734939759037
0 0.12600229095074456 0.43301204819277106 0.06328751431844215 0.03542168674698795
0 0.3447880870561283 0.4346987951807229 0.0518327605956472 0.0327710843373494
0 0.4816723940435281 0.44024096385542166 0.046105383734249716 0.028192771084337348
0 0.5859106529209622 0.42987951807228914 0.045819014891179836 0.024096385542168676
0 0.7213631156930126 0.4416867469879518 0.036941580756013746 0.027951807228915663
0 0.8052691867124857 0.44795180722891564 0.03608247422680412 0.020963855421686748
0 0.8900343642611683 0.48771084337349396 0.016895761741122565 0.006265060240963855
0 0.9481672394043528 0.4843373493975904 0.03379152348224513 0.023373493975903614
0 0.031214203894616266 0.6689156626506024 0.04066437571592211 0.013734939759036145
0 0.026059564719358535 0.6903614457831325 0.061855670103092786 0.0163855421686747
0 0.04868270332187858 0.7036144578313253 0.06815578465063 0.030843373493975902
0 0.053837342497136315 0.7506024096385542 0.07731958762886598 0.04674698795180723
0 0.3018327605956472 0.6571084337349398 0.016895761741122565 0.0038554216867469878
0 0.2849369988545246 0.6597590361445783 0.058419243986254296 0.009397590361445784
0 0.3130011454753723 0.6807228915662651 0.056128293241695305 0.02963855421686747
0 0.3487972508591065 0.7101204819277108 0.05870561282932417 0.02072289156626506
0 0.356815578465063 0.7575903614457832 0.05870561282932417 0.03710843373493976
0 0.511168384879725 0.7159036144578313 0.05584192439862543 0.02457831325301205
0 0.4968499427262314 0.6580722891566265 0.05154639175257732 0.013012048192771084
0 0.4742268041237113 0.6378313253012048 0.0518327605956472 0.01783132530120482
0 0.4412943871706758 0.6163855421686747 0.05011454753722795 0.02674698795180723
0 0.41408934707903783 0.6209638554216868 0.046105383734249716 0.014216867469879518
0 0.518327605956472 0.6260240963855421 0.012313860252004582 0.01036144578313253
0 0.5320733104238259 0.6146987951807229 0.0418098510882016 0.01566265060240964
0 0.5538373424971363 0.632289156626506 0.051260022909507444 0.027951807228915663
0 0.618270332187858 0.6450602409638554 0.053550973654066435 0.022650602409638555
0 0.6116838487972509 0.6997590361445784 0.056128293241695305 0.022409638554216866
0 0.6924398625429553 0.6262650602409638 0.0518327605956472 0.029397590361445784
0 0.7262313860252004 0.6790361445783133 0.05097365406643757 0.02506024096385542
0 0.777205040091638 0.6375903614457832 0.03178694158075601 0.016144578313253014
0 0.8049828178694158 0.6426506024096386 0.03608247422680412 0.013734939759036145
0 0.8433562428407789 0.6595180722891566 0.03493699885452463 0.01253012048192771
0 0.861397479954181 0.6696385542168675 0.04009163802978236 0.012289156626506025
0 0.8980526918671249 0.6763855421686747 0.037800687285223365 0.01566265060240964
0 0.9934135166093929 0.6763855421686747 0.006300114547537228 0.005542168674698795
0 0.08734249713631156 0.9380722891566265 0.03350515463917526 0.038795180722891565
0 0.20446735395189003 0.9149397590361446 0.04868270332187858 0.0436144578313253
0 0.20532646048109965 0.9489156626506025 0.03579610538373425 0.028433734939759037
0 0.37371134020618557 0.943855421686747 0.05011454753722795 0.03493975903614458
0 0.5105956471935853 0.9727710843373494 0.032073310423825885 0.026987951807228915
0 0.5761741122565864 0.9371084337349398 0.013459335624284079 0.015903614457831325
0 0.5767468499427262 0.9431325301204819 0.04095074455899198 0.014698795180722892
0 0.6698167239404352 0.9349397590361446 0.0506872852233677 0.029879518072289158
0 0.8427835051546392 0.912289156626506 0.04209621993127148 0.027951807228915663
0 0.7016036655211912 0.8303614457831325 0.021191294387170677 0.021927710843373496
0 0.7835051546391752 0.8498795180722891 0.046105383734249716 0.010843373493975903
0 0.8711340206185567 0.8493975903614458 0.04839633447880871 0.02
0 0.877147766323024 0.8190361445783133 0.03493699885452463 0.018795180722891568
0 0.8691294387170676 0.7932530120481928 0.018327605956471937 0.027951807228915663
0 0.9361397479954181 0.7412048192771085 0.06328751431844215 0.020481927710843374
0 0.952176403207331 0.76 0.036941580756013746 0.0163855421686747
0 0.9730813287514318 0.7612048192771085 0.026059564719358535 0.028674698795180722
0 0.8550973654066437 0.7525301204819277 0.08476517754868271 0.03927710843373494
0 0.8611111111111112 0.7691566265060241 0.08877434135166094 0.06433734939759037
0 0.9435853379152348 0.8019277108433734 0.056128293241695305 0.046987951807228916
0 0.9163802978235968 0.8224096385542169 0.08304696449026346 0.07903614457831325
0 0.7789232531500573 0.7665060240963856 0.07961053837342497 0.028433734939759037
0 0.7256586483390607 0.7826506024096386 0.05670103092783505 0.020240963855421686
0 0.7671821305841925 0.7874698795180722 0.11397479954180985 0.03927710843373494
0 0.8164375715922108 0.8192771084337349 0.10538373424971363 0.028433734939759037
0 0.8439289805269187 0.8327710843373494 0.11025200458190149 0.09590361445783133
0 0.7176403207331042 0.8139759036144578 0.09536082474226804 0.04216867469879518
0 0.7534364261168385 0.8491566265060241 0.109106529209622 0.061686746987951804
0 0.7313860252004581 0.8530120481927711 0.03493699885452463 0.039518072289156624
0 0.6033791523482245 0.8019277108433734 0.07731958762886598 0.03662650602409639
0 0.6380297823596792 0.8024096385542169 0.09020618556701031 0.04481927710843373
0 0.6383161512027491 0.8426506024096385 0.09392898052691867 0.06457831325301205
0 0.6062428407789232 0.8453012048192771 0.04438717067583047 0.05108433734939759
0 0.688717067583047 0.8650602409638555 0.07187857961053837 0.060481927710843375
0 0.7351088201603666 0.8867469879518072 0.08104238258877434 0.1
0 0.6426116838487973 0.9233734939759036 0.12571592210767468 0.0763855421686747
0 0.5936426116838488 0.8910843373493976 0.1036655211912944 0.04385542168674699
0 0.5306414662084765 0.8163855421686746 0.09020618556701031 0.046506024096385545
0 0.47050400916380297 0.8325301204819278 0.070446735395189 0.07108433734939759
0 0.4853951890034364 0.864578313253012 0.10481099656357389 0.08506024096385542
0 0.5220504009163803 0.929156626506024 0.06930126002290951 0.047228915662650604
0 0.5498281786941581 0.9402409638554217 0.11426116838487972 0.05903614457831325
0 0.48825887743413515 0.9621686746987952 0.06701030927835051 0.03783132530120482
0 0.4306987399770905 0.9236144578313253 0.09020618556701031 0.07180722891566266
0 0.4072164948453608 0.8660240963855421 0.07474226804123711 0.06578313253012048
0 0.32875143184421535 0.9065060240963856 0.0924971363115693 0.043132530120481925
0 0.2709049255441008 0.9385542168674699 0.11798396334478808 0.05951807228915663
0 0.19415807560137457 0.9746987951807229 0.0804696449026346 0.024819277108433735
0 0.22193585337915234 0.948433734939759 0.06786941580756013 0.024819277108433735
0 0.09736540664375716 0.9224096385542169 0.10967926689576174 0.07734939759036144
0 0.000286368843069874 0.9168674698795181 0.10738831615120274 0.08144578313253012
0 0.1563573883161512 0.9004819277108433 0.0936426116838488 0.05879518072289157
0 0.000286368843069874 0.7824096385542169 0.21420389461626574 0.08530120481927711
0 0.000286368843069874 0.739277108433735 0.1686712485681558 0.08337349397590361
0 0.16838487972508592 0.7508433734939759 0.01718213058419244 0.029879518072289158
0 0.0 0.7127710843373494 0.16752577319587628 0.06289156626506025
0 0.0 0.6893975903614458 0.1620847651775487 0.05951807228915663
0 0.0 0.6604819277108434 0.13860252004581902 0.03590361445783133
0 0.000859106529209622 0.6946987951807229 0.11025200458190149 0.002891566265060241
0 0.001145475372279496 0.6759036144578313 0.07474226804123711 0.011566265060240964
0 0.000572737686139748 0.6481927710843374 0.12170675830469645 0.02650602409638554
0 0.23539518900343642 0.7513253012048193 0.19730813287514318 0.0744578313253012
0 0.2213631156930126 0.7159036144578313 0.19473081328751432 0.030361445783132532
0 0.19931271477663232 0.6802409638554217 0.18384879725085912 0.04072289156626506
0 0.22336769759450173 0.7004819277108434 0.13344788087056128 0.021445783132530122
0 0.21563573883161513 0.7559036144578313 0.02663230240549828 0.02
0 0.21620847651775488 0.7790361445783133 0.023482245131729668 0.01759036144578313
0 0.21620847651775488 0.7949397590361446 0.0209049255441008 0.014939759036144579
0 0.17325315005727376 0.6681927710843374 0.19616265750286369 0.026987951807228915
0 0.1583619702176403 0.6585542168674698 0.18900343642611683 0.017349397590361446
0 0.6872852233676976 0.6768674698795181 0.10738831615120274 0.07253012048192771
0 0.5847651775486827 0.6978313253012048 0.1145475372279496 0.07156626506024097
0 0.47079037800687284 0.7166265060240964 0.1188430698739977 0.06602409638554217
0 0.4619129438717068 0.6587951807228916 0.11855670103092783 0.05710843373493976
0 0.5813287514318443 0.6445783132530121 0.10223367697594501 0.051566265060240965
0 0.6732531500572738 0.6257831325301205 0.09049255441008018 0.06409638554216868
0 0.6305841924398625 0.6214457831325301 0.08505154639175258 0.025783132530120483
0 0.5996563573883161 0.5975903614457831 0.09306987399770905 0.04072289156626506
0 0.5400916380297823 0.6306024096385542 0.0804696449026346 0.04385542168674699
0 0.43871706758304696 0.6395180722891566 0.09822451317296678 0.05373493975903614
0 0.5171821305841925 0.6154216867469879 0.08676975945017182 0.043132530120481925
0 0.5638602520045819 0.603132530120482 0.05526918671248568 0.014698795180722892
0 0.41695303550973656 0.6171084337349397 0.0979381443298969 0.05421686746987952
0 0.37371134020618557 0.6187951807228915 0.06214203894616266 0.042650602409638555
0 0.7946735395189003 0.6766265060240964 0.14776632302405499 0.041927710843373496
0 0.8035509736540665 0.6665060240963856 0.10595647193585338 0.025783132530120483
0 0.8009736540664376 0.6643373493975904 0.08304696449026346 0.016867469879518072
0 0.7946735395189003 0.6520481927710844 0.053837342497136315 0.012771084337349397
0 0.9819587628865979 0.6448192771084338 0.01718213058419244 0.028674698795180722
0 0.9699312714776632 0.6301204819277109 0.03006872852233677 0.015180722891566266
0 0.9848224513172967 0.5860240963855422 0.015177548682703322 0.017349397590361446
0 0.9696449026345934 0.5816867469879518 0.03006872852233677 0.014457831325301205
0 0.9421534936998854 0.5756626506024096 0.05756013745704467 0.01759036144578313
0 0.8777205040091638 0.5787951807228916 0.06242840778923253 0.017349397590361446
0 0.8914662084765178 0.5968674698795181 0.018327605956471937 0.01855421686746988
0 0.9599083619702177 0.6012048192771084 0.01575028636884307 0.013975903614457831
0 0.9163802978235968 0.607710843373494 0.023482245131729668 0.015903614457831325
0 0.9438717067583047 0.6113253012048193 0.011454753722794959 0.016867469879518072
