0 0.001 0.2025 0.014 0.115
0 0.015333333333333332 0.20375 0.04466666666666667 0.11
0 0.0195 0.1685 0.041166666666666664 0.0335
0 0.059166666666666666 0.173 0.030333333333333334 0.1425
0 0.09016666666666667 0.175 0.03783333333333333 0.14775
0 0.1285 0.185 0.023166666666666665 0.11625
0 0.152 0.1805 0.03166666666666667 0.1175
0 0.18016666666666667 0.184 0.0375 0.115
0 0.21666666666666667 0.19975 0.03216666666666667 0.09825
0 0.246 0.201 0.020166666666666666 0.101
0 0.26566666666666666 0.188 0.031166666666666665 0.112
0 0.29383333333333334 0.1885 0.031 0.112
0 0.32516666666666666 0.189 0.031 0.11375
0 0.35733333333333334 0.187 0.029333333333333333 0.1195
0 0.38616666666666666 0.1875 0.028 0.1155
0 0.4151666666666667 0.1895 0.028333333333333332 0.1155
0 0.44533333333333336 0.18875 0.030166666666666668 0.11775
0 0.47683333333333333 0.189 0.028333333333333332 0.1165
0 0.5043333333333333 0.189 0.0305 0.11475
0 0.5331666666666667 0.18575 0.0325 0.12
0 0.5648333333333333 0.1855 0.0315 0.12275
0 0.5968333333333333 0.18975 0.028333333333333332 0.118
0 0.6245 0.1915 0.029 0.11375
0 0.6535 0.2185 0.014833333333333334 0.09125
0 0.6735 0.2055 0.006 0.1
0 0.6783333333333333 0.19025 0.034666666666666665 0.1195
0 0.7103333333333334 0.192 0.030666666666666665 0.117
0 0.7393333333333333 0.1925 0.03183333333333333 0.116
0 0.7696666666666667 0.20925 0.0195 0.09975
0 0.7861666666666667 0.21075 0.006666666666666667 0.1
0 0.7911666666666667 0.195 0.03716666666666667 0.11425
0 0.8265 0.18325 0.0285 0.126
0 0.8456666666666667 0.19125 0.027166666666666665 0.1165
0 0.8725 0.18325 0.035333333333333335 0.12575
0 0.9 0.188 0.029166666666666667 0.1215
0 0.9301666666666667 0.181 0.035666666666666666 0.12925
0 0.9621666666666666 0.17925 0.0325 0.13
0 0.043 0.30025 0.027333333333333334 0.01675
0 0.14916666666666667 0.3065 0.029666666666666668 0.048
0 0.38266666666666665 0.3085 0.026333333333333334 0.01575
0 0.43 0.309 0.029833333333333333 0.05125
0 0.6516666666666666 0.311 0.025666666666666667 0.02175
0 0.6815 0.3095 0.0265 0.0215
0 0.7313333333333333 0.31325 0.027166666666666665 0.01625
0 0.7746666666666666 0.313 0.026 0.01675
0 0.8523333333333334 0.3125 0.024166666666666666 0.02
0 0.8803333333333333 0.3125 0.0285 0.02
0 0.9105 0.31225 0.029166666666666667 0.02075
0 0.9556666666666667 0.3125 0.029333333333333333 0.01825
0 0.987 0.311 0.012833333333333334 0.02075
0 0.07083333333333333 0.47275 0.026833333333333334 0.01875
0 0.37583333333333335 0.4795 0.024 0.021
0 0.043166666666666666 0.67475 0.02666666666666667 0.019
0 0.09216666666666666 0.67625 0.0255 0.02025
0 0.15766666666666668 0.67775 0.024833333333333332 0.02
0 0.5266666666666666 0.48475 0.02666666666666667 0.01975
0 0.5951666666666666 0.4845 0.027 0.01975
0 0.621 0.462 0.03183333333333333 0.035
0 0.6606666666666666 0.487 0.025666666666666667 0.01675
0 0.7895 0.48625 0.027166666666666665 0.018
0 0.8695 0.48475 0.028833333333333332 0.021
0 0.03233333333333333 0.84925 0.0335 0.0135
0 0.08466666666666667 0.84875 0.03233333333333333 0.0155
0 0.148 0.84975 0.0 0.0
0 0.14416666666666667 0.85075 0.03133333333333333 0.014
0 0.2685 0.85425 0.027 0.01475
0 0.27116666666666667 0.68175 0.028666666666666667 0.02125
0 0.31283333333333335 0.68275 0.027166666666666665 0.0225
0 0.4231666666666667 0.6855 0.0275 0.02225
0 0.5466666666666666 0.68975 0.027 0.0225
0 0.6056666666666667 0.6915 0.027 0.02125
0 0.642 0.69275 0.025833333333333333 0.01925
0 0.705 0.691 0.0265 0.02125
0 0.7478333333333333 0.691 0.028 0.02125
0 0.7783333333333333 0.69075 0.027666666666666666 0.02125
0 0.821 0.69075 0.029666666666666668 0.0205
0 0.8485 0.6905 0.0285 0.0205
0 0.9653333333333334 0.68925 0.03133333333333333 0.02075
0 0.9065 0.68975 0.03 0.0205
0 0.878 0.68925 0.029833333333333333 0.02225
0 0.9215 0.85825 0.035833333333333335 0.0155
0 0.8275 0.859 0.03983333333333333 0.05425
0 0.6616666666666666 0.86325 0.029333333333333333 0.01925
0 0.5731666666666667 0.86525 0.02666666666666667 0.0185
0 0.4856666666666667 0.85975 0.026 0.0135
0 0.358 0.85875 0.025833333333333333 0.01325
0 0.00016666666666666666 0.34625 0.015333333333333332 0.1205
0 0.015833333333333335 0.338 0.037 0.1305
0 0.051333333333333335 0.338 0.04416666666666667 0.129
0 0.08966666666666667 0.34 0.04066666666666666 0.12775
0 0.13083333333333333 0.34475 0.036833333333333336 0.1265
0 0.168 0.348 0.0455 0.124
0 0.2175 0.35625 0.019833333333333335 0.114
0 0.237 0.34875 0.04533333333333334 0.1265
0 0.2825 0.35075 0.03966666666666667 0.1245
0 0.32133333333333336 0.34925 0.04516666666666667 0.13
0 0.0013333333333333333 0.495 0.04566666666666667 0.0355
0 0.04766666666666667 0.49375 0.04716666666666667 0.041
0 0.00016666666666666666 0.5315 0.013166666666666667 0.0785
0 0.0 0.61125 0.03183333333333333 0.0195
0 0.001 0.72125 0.03266666666666666 0.01875
0 0.109 0.5055 0.0575 0.03775
0 0.37466666666666665 0.51475 0.038 0.03575
0 0.04766666666666667 0.54 0.036833333333333336 0.1315
0 0.0775 0.5435 0.03666666666666667 0.133
0 0.10666666666666667 0.54675 0.036166666666666666 0.12775
0 0.1395 0.548 0.037 0.12775
0 0.176 0.54525 0.012 0.12925
0 0.187 0.547 0.0335 0.1295
0 0.22283333333333333 0.54725 0.03983333333333333 0.12975
0 0.25983333333333336 0.54525 0.0265 0.13375
0 0.288 0.55 0.03833333333333333 0.13125
0 0.3258333333333333 0.5495 0.0355 0.133
0 0.3611666666666667 0.551 0.026333333333333334 0.133
0 0.38866666666666666 0.5525 0.024 0.1305
0 0.41433333333333333 0.55125 0.03 0.13275
0 0.44383333333333336 0.54625 0.028166666666666666 0.138
0 0.47383333333333333 0.544 0.027166666666666665 0.142
0 0.5006666666666667 0.54575 0.028 0.13625
0 0.5535 0.5505 0.030666666666666665 0.138
0 0.583 0.55275 0.030333333333333334 0.1365
0 0.6136666666666667 0.55325 0.030833333333333334 0.1365
0 0.643 0.5535 0.030333333333333334 0.1355
0 0.6733333333333333 0.55325 0.03166666666666667 0.1365
0 0.7041666666666667 0.5535 0.03183333333333333 0.1355
0 0.7323333333333333 0.5565 0.034 0.13325
0 0.764 0.55425 0.0345 0.134
0 0.7998333333333333 0.56175 0.02666666666666667 0.12525
0 0.8275 0.56075 0.028833333333333332 0.12625
0 0.8538333333333333 0.56075 0.0325 0.1275
0 0.8848333333333334 0.5595 0.030333333333333334 0.1245
0 0.9133333333333333 0.56075 0.0295 0.12475
0 0.941 0.56025 0.0265 0.12425
0 0.9661666666666666 0.56025 0.0325 0.124
0 0.9886666666666667 0.5595 0.01 0.0695
0 0.36733333333333335 0.35125 0.037 0.12575
0 0.4058333333333333 0.35 0.03766666666666667 0.12875
0 0.44583333333333336 0.3515 0.044 0.12725
0 0.48883333333333334 0.36025 0.03666666666666667 0.1185
0 0.5281666666666667 0.35825 0.027833333333333335 0.1215
0 0.5571666666666667 0.359 0.027333333333333334 0.12375
0 0.5856666666666667 0.35825 0.027666666666666666 0.12475
0 0.6125 0.357 0.029166666666666667 0.12175
0 0.642 0.35775 0.029833333333333333 0.1265
0 0.6693333333333333 0.359 0.03183333333333333 0.124
0 0.6993333333333334 0.36 0.03183333333333333 0.12425
0 0.7273333333333334 0.35825 0.03266666666666666 0.1265
0 0.7611666666666667 0.3605 0.027 0.12075
0 0.7868333333333334 0.38275 0.0255 0.102
0 0.8146666666666667 0.37425 0.0335 0.11
0 0.8545 0.368 0.03716666666666667 0.11625
0 0.8873333333333333 0.367 0.03283333333333333 0.11425
0 0.9196666666666666 0.3595 0.04516666666666667 0.1205
0 0.9623333333333334 0.357 0.0375 0.12475
0 0.0 0.65075 0.003833333333333333 0.066
0 0.0033333333333333335 0.6555 0.023333333333333334 0.063
0 0.028833333333333332 0.65675 0.016 0.0695
0 0.04 0.709 0.042333333333333334 0.1355
0 0.078 0.70525 0.014833333333333334 0.12925
0 0.0985 0.7065 0.010333333333333333 0.119
0 0.10766666666666666 0.71325 0.029666666666666668 0.1345
0 0.13983333333333334 0.715 0.034166666666666665 0.13275
0 0.177 0.713 0.025333333333333333 0.133
0 0.2055 0.71425 0.025833333333333333 0.1335
0 0.23316666666666666 0.716 0.0305 0.132
0 0.2628333333333333 0.718 0.036166666666666666 0.1295
0 0.30133333333333334 0.70825 0.029166666666666667 0.1285
0 0.3308333333333333 0.70825 0.024833333333333332 0.1255
0 0.3575 0.70775 0.0295 0.13275
0 0.3855 0.70875 0.025 0.12175
0 0.41083333333333333 0.713 0.023166666666666665 0.1285
0 0.43383333333333335 0.72 0.029166666666666667 0.1345
0 0.46166666666666667 0.721 0.030833333333333334 0.1335
0 0.49183333333333334 0.72475 0.03166666666666667 0.135
0 0.5253333333333333 0.722 0.027 0.13875
0 0.5533333333333333 0.71575 0.021 0.105
0 0.5771666666666667 0.71625 0.029833333333333333 0.1265
0 0.6291666666666667 0.71625 0.0305 0.1275
0 0.6583333333333333 0.71725 0.0295 0.125
0 0.683 0.7145 0.032 0.1275
0 0.715 0.716 0.028166666666666666 0.1275
0 0.7421666666666666 0.71975 0.012 0.13275
0 0.758 0.7215 0.035 0.1375
0 0.7855 0.71725 0.016 0.1215
0 0.7968333333333333 0.71875 0.0335 0.12325
0 0.8323333333333334 0.71925 0.037333333333333336 0.13125
0 0.8618333333333333 0.71925 0.0365 0.13025
0 0.9031666666666667 0.72325 0.04133333333333333 0.13125
0 0.9365 0.72125 0.03766666666666667 0.13475
0 0.9661666666666666 0.721 0.03333333333333333 0.134
0 0.9886666666666667 0.9355 0.011166666666666667 0.06325
0 0.9561666666666667 0.93675 0.036833333333333336 0.06075
0 0.9323333333333333 0.96425 0.0375 0.03375
0 0.8963333333333333 0.96875 0.0385 0.03
0 0.8543333333333333 0.968 0.043333333333333335 0.03075
0 0.8181666666666667 0.948 0.0365 0.05025
0 0.794 0.964 0.041833333333333333 0.03575
0 0.7536666666666667 0.9635 0.041666666666666664 0.035
0 0.8351666666666666 0.936 0.0295 0.034
0 0.8675 0.93675 0.0315 0.03175
0 0.8955 0.93475 0.0295 0.02875
0 0.9141666666666667 0.9515 0.03133333333333333 0.01275
0 0.9276666666666666 0.93775 0.0 0.0
0 0.9255 0.93525 0.034666666666666665 0.027
0 0.9545 0.93425 0.035333333333333335 0.02525
0 0.9693333333333334 0.9165 0.027166666666666665 0.01875
0 0.9428333333333333 0.9235 0.025833333333333333 0.01025
0 0.9098333333333334 0.922 0.03183333333333333 0.01475
0 0.8841666666666667 0.92125 0.027333333333333334 0.01525
0 0.8555 0.92225 0.0285 0.01525
0 0.8221666666666667 0.91725 0.027833333333333335 0.01725
0 0.8693333333333333 0.9075 0.0275 0.01325
0 0.8968333333333334 0.9085 0.02666666666666667 0.014
0 0.9228333333333333 0.9085 0.029333333333333333 0.01275
0 0.9505 0.90525 0.026833333333333334 0.01425
0 0.9708333333333333 0.89375 0.023833333333333335 0.01025
0 0.9336666666666666 0.8915 0.026166666666666668 0.012
0 0.9086666666666666 0.89375 0.02666666666666667 0.01325
0 0.882 0.89175 0.0265 0.0145
0 0.866 0.8915 0.016166666666666666 0.01375
0 0.8015 0.89125 0.024333333333333332 0.0135
0 0.8116666666666666 0.90625 0.02666666666666667 0.0135
0 0.7946666666666666 0.921 0.0275 0.0135
0 0.805 0.9375 0.02666666666666667 0.0095
0 0.7921666666666667 0.94825 0.025666666666666667 0.01425
0 0.7515 0.9485 0.0345 0.01675
0 0.7395 0.942 0.011166666666666667 0.0575
0 0.7288333333333333 0.9245 0.009333333333333334 0.075
0 0.6995 0.9085 0.029333333333333333 0.09125
0 0.6766666666666666 0.9245 0.0295 0.07525
0 0.6468333333333334 0.92075 0.028666666666666667 0.079
0 0.6291666666666667 0.9495 0.031 0.05025
0 0.6036666666666667 0.9635 0.0335 0.03625
0 0.5728333333333333 0.962 0.033166666666666664 0.03775
0 0.5323333333333333 0.963 0.03333333333333333 0.036
0 0.5321666666666667 0.9455 0.030833333333333334 0.018
0 0.5908333333333333 0.89575 0.021 0.025
0 0.5613333333333334 0.902 0.026 0.016
0 0.5618333333333333 0.91875 0.0255 0.0105
0 0.5645 0.93225 0.024166666666666666 0.012
0 0.568 0.948 0.027833333333333335 0.0125
0 0.5976666666666667 0.948 0.028 0.012
0 0.5333333333333333 0.93 0.0285 0.01425
0 0.5336666666666666 0.9145 0.026333333333333334 0.01475
0 0.5345 0.9015 0.0235 0.015
0 0.535 0.88925 0.024166666666666666 0.01325
0 0.6726666666666666 0.9095 0.023833333333333335 0.014
0 0.6381666666666667 0.908 0.0265 0.014
0 0.6125 0.9095 0.024666666666666667 0.014
0 0.6125 0.894 0.0255 0.0135
0 0.6395 0.89325 0.026 0.012
0 0.6688333333333333 0.896 0.02666666666666667 0.01275
0 0.6978333333333333 0.89125 0.023666666666666666 0.017
0 0.0013333333333333333 0.89125 0.0145 0.104
0 0.01 0.87375 0.034333333333333334 0.0355
0 0.044 0.87925 0.033166666666666664 0.03175
0 0.078 0.88575 0.033666666666666664 0.03975
0 0.10083333333333333 0.8715 0.029333333333333333 0.0335
0 0.1415 0.87425 0.03166666666666667 0.03675
0 0.1275 0.89025 0.0255 0.0345
0 0.18066666666666667 0.875 0.030833333333333334 0.042
0 0.16683333333333333 0.891 0.028666666666666667 0.046
0 0.1495 0.9075 0.029666666666666668 0.045
0 0.11233333333333333 0.9245 0.0455 0.07525
0 0.06716666666666667 0.92325 0.043333333333333335 0.07575
0 0.01633333333333333 0.9205 0.051166666666666666 0.07825
0 0.16016666666666668 0.926 0.0485 0.0725
0 0.19716666666666666 0.90675 0.026833333333333334 0.0445
0 0.2125 0.88625 0.02 0.04125
0 0.22566666666666665 0.8745 0.027333333333333334 0.026
0 0.2 0.928 0.051666666666666666 0.07175
0 0.23066666666666666 0.9145 0.03233333333333333 0.05575
0 0.24433333333333335 0.90025 0.030333333333333334 0.05
0 0.25583333333333336 0.88225 0.0275 0.04325
0 0.47833333333333333 0.9385 0.046 0.061
0 0.4745 0.91675 0.04583333333333333 0.047
0 0.47633333333333333 0.88475 0.038 0.0155
0 0.44016666666666665 0.89675 0.036 0.0345
0 0.434 0.91275 0.041166666666666664 0.0435
0 0.4335 0.929 0.044833333333333336 0.0705
0 0.3923333333333333 0.935 0.042333333333333334 0.064
0 0.34 0.93375 0.0485 0.064
0 0.2956666666666667 0.93325 0.044833333333333336 0.06625
0 0.248 0.93325 0.048 0.0665
0 0.2743333333333333 0.917 0.02666666666666667 0.0465
0 0.286 0.90275 0.0255 0.05125
0 0.291 0.88 0.029166666666666667 0.0595
0 0.316 0.912 0.0305 0.05525
0 0.3255 0.905 0.029333333333333333 0.047
0 0.35933333333333334 0.919 0.0315 0.0375
0 0.3695 0.904 0.03133333333333333 0.04875
0 0.3725 0.887 0.030333333333333334 0.04
0 0.407 0.8905 0.03133333333333333 0.05975
0 0.731 0.92225 0.032 0.01525
0 0.7286666666666667 0.907 0.02666666666666667 0.0135
0 0.7576666666666667 0.90725 0.0275 0.01475
0 0.7641666666666667 0.9225 0.027 0.015
0 0.7763333333333333 0.93775 0.029333333333333333 0.01075
0 0.3295 0.88425 0.027666666666666666 0.037
0 0.10583333333333333 0.901 0.030666666666666665 0.0475
0 0.06116666666666667 0.901 0.03 0.03975
0 0.0013333333333333333 0.79725 0.0365 0.0485
0 0.011833333333333333 0.76675 0.026 0.0265
0 0.9566666666666667 0.882 0.023333333333333334 0.01825
