0 0.000841467519353753 0.043423377934864935 0.030292830696735107 0.02827568795758647
0 0.09222484012117133 0.039636455440545316 0.0415684954560754 0.03206261045190609
0 0.18057892965331537 0.04291845493562232 0.03954897340962639 0.028780610956829083
0 0.24234264557388085 0.04317091643524362 0.03870750589027264 0.03029537995455693
0 0.3310333221137664 0.0424135319363797 0.03904409289801414 0.031052764453420853
0 0.0 0.22570058066144913 0.019017165937394817 0.03054784145417824
0 0.038034331874789634 0.22620550366069175 0.04207337596768765 0.02953799545569301
0 0.09542241669471559 0.22696288815955568 0.04274654998317065 0.030042918454935622
0 0.14422753281723324 0.22746781115879827 0.040895321440592394 0.028780610956829083
0 0.1879838438236284 0.22696288815955568 0.03988556041736789 0.03130522595304216
0 0.2425109390777516 0.22696288815955568 0.04207337596768765 0.029790456955314314
0 0.30528441602154155 0.22746781115879827 0.04022214742510939 0.03029537995455693
0 0.3709188825311343 0.22746781115879827 0.03938067990575564 0.03155768745266347
0 0.43958263211040055 0.22847765715728352 0.038202625378660385 0.029790456955314314
0 0.49545607539548975 0.2282251956576622 0.03921238640188489 0.030800302953799544
0 0.5634466509592729 0.2279727341580409 0.038034331874789634 0.031052764453420853
0 0.4254459777852575 0.04418076243372886 0.038370918882531135 0.028780610956829083
0 0.5132951868057893 0.04443322393335016 0.03921238640188489 0.03054784145417824
0 0.6144395826321104 0.0456955314314567 0.038202625378660385 0.02903307245645039
0 0.6809155166610569 0.04822014642766978 0.038539212386401886 0.03130522595304216
0 0.640356782228206 0.2279727341580409 0.03870750589027264 0.03029537995455693
0 0.6953887579939414 0.230497349154254 0.03887579939414339 0.02827568795758647
0 0.7694378996970717 0.0456955314314567 0.04039044092898014 0.029790456955314314
0 0.9579266240323123 0.04771522342842716 0.04039044092898014 0.03155768745266347
0 0.7650622685964322 0.17697551123453673 0.03938067990575564 0.030042918454935622
0 0.8614944463143722 0.1787427417318859 0.04173678895994615 0.029790456955314314
0 0.9102995624368899 0.18025751072961374 0.04207337596768765 0.02903307245645039
0 0.9555705149781218 0.18025751072961374 0.0419050824638169 0.030042918454935622
0 0.9846852911477617 0.36606917445089626 0.014641534836755302 0.028528149457207774
0 0.8848872433524066 0.365059328452411 0.04274654998317065 0.02827568795758647
0 0.8194210703466847 0.3625347134561979 0.04173678895994615 0.02802322645796516
0 0.7701110737125547 0.36354455945468317 0.04039044092898014 0.025246149962130773
0 0.7115449343655335 0.3844988639232517 0.043756311006395154 0.02448876546326685
0 0.6696398519017166 0.3837414794243878 0.04207337596768765 0.02474122696288816
0 0.6262201279030629 0.38273163342590255 0.041063614944463145 0.02474122696288816
0 0.5745540222147425 0.3817217874274173 0.04022214742510939 0.02448876546326685
0 0.5240659710535174 0.3809644029285534 0.03887579939414339 0.023983842464024237
0 0.4848535846516325 0.38222671042665995 0.03870750589027264 0.024236303963645543
0 0.4454729047458768 0.38146932592779603 0.038370918882531135 0.023226457965160312
0 0.4032312352743184 0.3809644029285534 0.03870750589027264 0.023226457965160312
0 0.3633456748569505 0.38020701842968946 0.03938067990575564 0.024236303963645543
0 0.39262874453046115 0.5710679121433981 0.038370918882531135 0.02347891946478162
0 0.48283406260518347 0.5705629891441555 0.03904409289801414 0.02676091895985862
0 0.5897004375631101 0.5720777581418833 0.040727027936721644 0.023226457965160312
0 0.6906765398855604 0.5708154506437768 0.043924604510265905 0.02575107296137339
0 0.0 0.3776824034334764 0.015651295859979805 0.02221661196667508
0 0.030461124200605857 0.37919717243120427 0.04611242006058566 0.02145922746781116
0 0.08498821945472905 0.3769250189346125 0.04628071356445641 0.023983842464024237
0 0.1433860652978795 0.38020701842968946 0.043924604510265905 0.020701842968947236
0 0.20514978121844496 0.37894471093158294 0.04022214742510939 0.02019691996970462
0 0.24604510265903737 0.38146932592779603 0.03921238640188489 0.01918707397121939
0 0.2844160215415685 0.3804594799293108 0.03971726691349714 0.02145922746781116
0 0.32446987546280714 0.37944963393082554 0.03954897340962639 0.025498611461752082
0 0.004207337596768765 0.570058066144913 0.04628071356445641 0.02373138096440293
0 0.08229552339279704 0.5690482201464276 0.04594412655671491 0.025498611461752082
0 0.1277347694378997 0.5682908356475638 0.04459777852574891 0.028528149457207774
0 0.1726691349713901 0.5690482201464276 0.04476607202961966 0.027770764958343852
0 0.22399865365196903 0.570058066144913 0.043756311006395154 0.0260035344609947
0 0.2876135981151128 0.5705629891441555 0.0415684954560754 0.02448876546326685
0 0.023392797038034333 0.7626861903559707 0.046449007068327164 0.028780610956829083
0 0.07674183776506227 0.7573844988639232 0.04830023561090542 0.02827568795758647
0 0.17653988556041736 0.7591517293612724 0.044092898014136656 0.026508457460237313
0 0.27886233591383375 0.759656652360515 0.04207337596768765 0.02953799545569301
0 0.3470212049814877 0.7601615753597576 0.04240996297542915 0.02903307245645039
0 0.4227532817233255 0.7601615753597576 0.04022214742510939 0.028528149457207774
0 0.48098283406260517 0.7609189598586216 0.03870750589027264 0.02802322645796516
0 0.5779198922921576 0.7601615753597576 0.0415684954560754 0.02802322645796516
0 0.6624032312352743 0.7599091138601364 0.0432514304947829 0.02827568795758647
0 0.773308650286099 0.6558949760161575 0.04594412655671491 0.02726584195910124
0 0.8369235947492427 0.6563998990154002 0.046953887579939416 0.02802322645796516
0 0.9525412319084483 0.6581671295127494 0.04729047458768092 0.02575107296137339
0 0.9532144059239314 0.8914415551628376 0.046617300572197914 0.03458722544811916
0 0.8705822955233928 0.8919464781620803 0.04577583305284416 0.036354455945468316
0 0.785425782564793 0.8904317091643524 0.0419050824638169 0.03458722544811916
0 0.7221474251093908 0.9684423125473365 0.046953887579939416 0.03054784145417824
0 0.6687983843823628 0.970462004544307 0.04628071356445641 0.027770764958343852
0 0.6173005721979131 0.9689472355465791 0.04274654998317065 0.030042918454935622
0 0.5343318747896331 0.970462004544307 0.04005385392123864 0.02903307245645039
0 0.4454729047458768 0.9702095430446857 0.040727027936721644 0.02575107296137339
0 0.354930999663413 0.970462004544307 0.04207337596768765 0.026508457460237313
0 0.2765062268596432 0.9674324665488513 0.04459777852574891 0.030042918454935622
0 0.2169303264893975 0.9664226205503661 0.04543924604510266 0.031052764453420853
0 0.16257152473914507 0.9681898510477153 0.04628071356445641 0.028528149457207774
0 0.1127566475934029 0.9674324665488513 0.049814877145742176 0.03155768745266347
0 0.05923931336250421 0.9659176975511234 0.049478290138000675 0.03231507195152739
0 0.7771794008751263 0.489775309265337 0.043924604510265905 0.025246149962130773
0 0.8382699427802087 0.4922999242615501 0.044261191518007406 0.022973996465539007
0 0.8927970380343319 0.49431961625852056 0.04796364860316392 0.02221661196667508
0 0.9611242006058566 0.4948245392577632 0.03870750589027264 0.01918707397121939
0 0.0003365870077415012 0.0 0.04830023561090542 0.02726584195910124
0 0.0 0.015400151476899772 0.04830023561090542 0.0260035344609947
0 0.044261191518007406 0.0 0.05705149781218445 0.03660691744508962
0 0.046617300572197914 0.01691492047462762 0.049983170649612926 0.025498611461752082
0 0.0987882867721306 0.017167381974248927 0.04779535509929317 0.02095430446856854
0 0.10148098283406261 0.0 0.046449007068327164 0.02827568795758647
0 0.14624705486368225 0.0017672304973491543 0.049478290138000675 0.031052764453420853
0 0.14759340289464826 0.019691996970462006 0.04779535509929317 0.021711688967432467
0 0.19320094244362168 0.0012623074981065387 0.047122181083810166 0.027518303458722543
0 0.19639851901716593 0.020701842968947236 0.044261191518007406 0.023226457965160312
0 0.23964994951194885 0.015400151476899772 0.049814877145742176 0.025498611461752082
0 0.23931336250420734 0.0 0.049478290138000675 0.0292855339560717
0 0.29064288118478626 0.0007573844988639232 0.040727027936721644 0.038879070941681394
0 0.33204308313699094 0.0007573844988639232 0.0422416694715584 0.03736430194395355
0 0.3731066980814541 0.00025246149962130775 0.040727027936721644 0.03837414794243878
0 0.4138337260181757 0.0 0.0419050824638169 0.040898762938651856
0 0.4557388084819926 0.0 0.040727027936721644 0.04039383993940924
0 0.498653651969034 0.0 0.03887579939414339 0.040898762938651856
0 0.5387075058902726 0.00025246149962130775 0.04039044092898014 0.042161070436758395
0 0.5790979468192528 0.00025246149962130775 0.03870750589027264 0.043423377934864935
0 0.6183103332211377 0.0012623074981065387 0.03870750589027264 0.04165614743751578
0 0.6573544261191518 0.0 0.0432514304947829 0.0424135319363797
0 0.7022887916526422 0.0 0.04005385392123864 0.04493814693259278
0 0.7435207001009762 0.0 0.038539212386401886 0.04443322393335016
0 0.7823964994951195 0.0012623074981065387 0.03921238640188489 0.03988891694016662
0 0.8211040053853921 0.00025246149962130775 0.041231908448333895 0.04594799293107801
0 0.863682261864692 0.00025246149962130775 0.03887579939414339 0.04392830093410755
0 0.9002019522046449 0.0 0.04341972399865365 0.0456955314314567
0 0.9437899697071693 0.0 0.03921238640188489 0.046705377429941936
0 0.984516997643891 0.0035344609946983086 0.0143049478290138 0.04140368593789447
0 0.9688657017839112 0.1040141378439788 0.03096600471221811 0.052511991921232015
0 0.9688657017839112 0.14869982327695028 0.03096600471221811 0.027518303458722543
0 0.9353752945136318 0.16107043675839436 0.035005048805116123 0.013127997980308004
0 0.8921238640188489 0.10931582933602625 0.040727027936721644 0.0648826054026761
0 0.8858970043756311 0.12092905831860641 0.0043756311006395154 0.054279222418581165
0 0.8638505553685628 0.12774551880838173 0.02255132951868058 0.0489775309265337
0 0.8599798047795355 0.13733905579399142 0.003702457085156513 0.03812168644281747
0 0.8074722315718613 0.11436505932845241 0.03719286435543588 0.03988891694016662
0 0.781386738471895 0.11941428932087857 0.024907438572871088 0.03408230244887655
0 0.7622012790306294 0.11184044433223933 0.01716593739481656 0.03862660944206009
0 0.6849545607539549 0.16839182024741228 0.06159542241669472 0.0489775309265337
0 0.6792325816223493 0.1721787427417319 0.0043756311006395154 0.03382984094925524
0 0.6770447660720296 0.18202474122696288 0.0035341635812857625 0.028528149457207774
0 0.495960955907102 0.16738197424892703 0.06462470548636823 0.051754607422368086
0 0.4281386738471895 0.1603130522595304 0.06193200942443622 0.06387275940419086
0 0.3621676203298553 0.16056551375915173 0.06546617300572198 0.06084322140873517
0 0.29922584988219453 0.16409997475385005 0.06311006395153147 0.05983337541024994
0 0.24099629754291485 0.17672304973491543 0.058397845843150456 0.04266599343600101
0 0.1842813867384719 0.13153244130270134 0.06344665095927297 0.04594799293107801
0 0.24907438572871088 0.13986367079020448 0.0043756311006395154 0.03483968694774047
0 0.17822282059912486 0.17849028023226457 0.06142712891282397 0.04392830093410755
0 0.14389094580949174 0.11537490532693764 0.046617300572197914 0.03812168644281747
0 0.14355435880175024 0.15299166877051248 0.041400201952204646 0.029790456955314314
0 0.1433860652978795 0.17647058823529413 0.03651969033995288 0.03357737944963393
0 0.1420397172669135 0.20777581418833627 0.035846516324469876 0.01565261297652108
0 0.10131268933019186 0.11789952032315072 0.043756311006395154 0.03938399394092401
0 0.1004712218108381 0.15147689977278464 0.044092898014136656 0.03408230244887655
0 0.0997980477953551 0.18000504922999241 0.044092898014136656 0.03408230244887655
0 0.09962975429148435 0.20878566018682151 0.0429148434870414 0.01464276697803585
0 0.0565466173005722 0.11865690482201464 0.0432514304947829 0.033072456450391315
0 0.05637832379670145 0.1537490532693764 0.0425782564792999 0.03458722544811916
0 0.055705149781218447 0.18000504922999241 0.043756311006395154 0.03610199444584701
0 0.05604173678895995 0.2115627366826559 0.04510265903736116 0.011360767482958849
0 0.006563446650959273 0.11587982832618025 0.04880511612251767 0.0391315324413027
0 0.006563446650959273 0.14895228477657158 0.05065634466509593 0.03685937894471093
0 0.006226859643217772 0.17748043423377935 0.04729047458768092 0.03458722544811916
0 0.007573207674183777 0.20727089118909367 0.04762706159542242 0.015147689977278465
0 0.0 0.11133552133299672 0.009761023224503534 0.03483968694774047
0 0.0 0.14390305478414542 0.008919555705149781 0.03534460994698309
0 0.0001682935038707506 0.1787427417318859 0.007741501178054527 0.0325675334511487
0 0.000841467519353753 0.2085331986872002 0.006058566139347021 0.013885382479171926
0 0.0006731740154830024 0.28831103256753343 0.05031975765735443 0.049734915425397624
0 0.0572197913160552 0.2931078010603383 0.06226859643217772 0.04190860893713708
0 0.11932009424436217 0.2976521080535218 0.008246381689666779 0.026255995960616008
0 0.12891282396499495 0.2989144155516284 0.005890272635476271 0.02575107296137339
0 0.04274654998317065 0.33956071699065893 0.06294177044766072 0.0358495329462257
0 0.0006731740154830024 0.33956071699065893 0.041063614944463145 0.03786922494319616
0 0.11393470212049815 0.3264327190103509 0.061258835408953216 0.046705377429941936
0 0.17973746213396163 0.32794748800807877 0.05738808481992595 0.04443322393335016
0 0.23729384045775834 0.30042918454935624 0.038370918882531135 0.03559707144660439
0 0.23746213396162907 0.3312294875031558 0.03752945136317738 0.03054784145417824
0 0.23746213396162907 0.35900025246149964 0.03719286435543588 0.016409997475385005
0 0.27499158532480644 0.30169149204746276 0.03483675530124537 0.031052764453420853
0 0.27465499831706497 0.332239333501641 0.03483675530124537 0.02903307245645039
0 0.27499158532480644 0.35975763696036356 0.03416358128576237 0.016157535975763696
0 0.31117468865701786 0.2996718000504923 0.03719286435543588 0.03685937894471093
0 0.31016492763379333 0.3294622570058066 0.037866038370918884 0.03281999495077001
0 0.3083136990912151 0.35975763696036356 0.03938067990575564 0.017672304973491544
0 0.34988219454729047 0.2713961120929058 0.03163917872770111 0.03332491795001262
0 0.34870414002019523 0.30042918454935624 0.03382699427802087 0.03332491795001262
0 0.3483675530124537 0.33021964150467054 0.032648939750925615 0.03357737944963393
0 0.34853584651632447 0.35950517546074223 0.03365870077415012 0.016409997475385005
0 0.3825311342982161 0.26811411259782886 0.03736115785930663 0.03534460994698309
0 0.38034331874789634 0.29790456955314315 0.03870750589027264 0.034334763948497854
0 0.3815213732749916 0.32794748800807877 0.03752945136317738 0.03483968694774047
0 0.3818579602827331 0.3574854834637718 0.03719286435543588 0.01918707397121939
0 0.41837765062268595 0.27417318858874024 0.035173342308986874 0.031810148952284775
0 0.4180410636149445 0.30219641504670536 0.03702457085156513 0.0325675334511487
0 0.41905082463816895 0.33072456450391313 0.035173342308986874 0.03231507195152739
0 0.42039717266913496 0.36026255995960615 0.03349040727027937 0.01666245897500631
0 0.45422416694715584 0.27467811158798283 0.035509929316728375 0.034334763948497854
0 0.45489734096263884 0.30472103004291845 0.03635139683608213 0.03332491795001262
0 0.45590710198586337 0.332239333501641 0.03332211376640862 0.0325675334511487
0 0.45523392797038037 0.3612724059580914 0.03466846179737462 0.01565261297652108
0 0.49074385728710873 0.2769502650845746 0.035341635812857625 0.03130522595304216
0 0.4910804442948502 0.30598333754102497 0.03450016829350387 0.030042918454935622
0 0.49074385728710873 0.33476394849785407 0.03483675530124537 0.028780610956829083
0 0.49007068327162573 0.3615248674577127 0.03651969033995288 0.01666245897500631
0 0.5255806125883541 0.30219641504670536 0.03651969033995288 0.03685937894471093
0 0.5255806125883541 0.33476394849785407 0.03651969033995288 0.02903307245645039
0 0.527600134634803 0.361777328957334 0.03416358128576237 0.016409997475385005
0 0.5631100639515315 0.30219641504670536 0.03433187478963312 0.03231507195152739
0 0.56277347694379 0.3329967180005049 0.03668798384382363 0.03130522595304216
0 0.56277347694379 0.3620297904569553 0.03668798384382363 0.015400151476899772
0 0.6003029283069673 0.30421610704367585 0.03130259171995961 0.03332491795001262
0 0.5999663412992259 0.3342590254986115 0.032312352743184114 0.02953799545569301
0 0.5986199932682599 0.36278717495581925 0.03416358128576237 0.01691492047462762
0 0.6341299225849882 0.33350164099974755 0.03651969033995288 0.03408230244887655
0 0.6337933355772467 0.36076748295884875 0.037866038370918884 0.019691996970462006
0 0.6709861999326826 0.33072456450391313 0.03651969033995288 0.03458722544811916
0 0.6733423089868731 0.3622822519565766 0.035509929316728375 0.019691996970462006
0 0.6866374957926624 0.2956324160565514 0.02255132951868058 0.03812168644281747
0 0.7100302928306967 0.2701338045947993 0.035341635812857625 0.033072456450391315
0 0.7101985863345674 0.3001767230497349 0.03870750589027264 0.0358495329462257
0 0.7088522383036014 0.328957334006564 0.038370918882531135 0.034334763948497854
0 0.7093571188152137 0.35975763696036356 0.038202625378660385 0.02095430446856854
0 0.7462133961629082 0.23201211815198183 0.05957590037024571 0.0648826054026761
0 0.7500841467519354 0.29739964655390055 0.058061258835408955 0.06866952789699571
0 0.8079771120834736 0.23251704115122443 0.055031975765735444 0.06538752840191871
0 0.8625042073375968 0.23554657914668012 0.05149781218444968 0.06362029790456955
0 0.9151800740491417 0.23579904064630144 0.05334904072702794 0.0648826054026761
0 0.9151800740491417 0.30219641504670536 0.055536856277347696 0.057561221913658166
0 0.863009087849209 0.3006816460489775 0.05183439919219118 0.058823529411764705
0 0.8073039380679906 0.3006816460489775 0.055200269269606195 0.058823529411764705
0 0.9681925277684281 0.2373138096440293 0.030629417704476608 0.06463014390305478
0 0.9708852238303601 0.3029537995455693 0.028946482665769102 0.05781368341327948
0 0.9424436216762033 0.42893208785660186 0.05738808481992595 0.06311537490532694
0 0.8752945136317738 0.42842716485735927 0.06563446650959273 0.06160060590759909
0 0.8142039717266913 0.4400403938399394 0.06563446650959273 0.047967684928048475
0 0.7532817233254796 0.44635193133047213 0.05940760686637496 0.04317091643524362
0 0.7480646247054864 0.4468568543297147 0.007741501178054527 0.023226457965160312
0 0.7423426455738809 0.4498863923251704 0.007404914170313026 0.02120676596818985
0 0.7377987209693706 0.4541782378187326 0.0063951531470885226 0.021711688967432467
0 0.7339279703803433 0.4546831608179753 0.005385392123864019 0.01994445847008331
0 0.7080107707842477 0.45367331481949 0.024570851565129587 0.017419843473870236
0 0.7093571188152137 0.47058823529411764 0.024570851565129587 0.016157535975763696
0 0.7312352743184113 0.4410502398384246 0.019185459441265568 0.012623074981065387
0 0.697744867048132 0.4880080787679879 0.06159542241669472 0.08104014137843979
0 0.6418714237630427 0.4910376167634436 0.05907101985863346 0.07573844988639232
0 0.6272298889262874 0.44887654632668517 0.05856613934702121 0.04064630143903055
0 0.57623695725345 0.44508962383236556 0.058229552339279705 0.045443069931835396
0 0.5866711544934365 0.4910376167634436 0.05318074722315719 0.07624337288563494
0 0.5282733086502861 0.4917950012623075 0.05890272635476271 0.07523352688714971
0 0.5307977112083474 0.44635193133047213 0.05065634466509593 0.04418076243372886
0 0.4819925950858297 0.4327190103509215 0.04863682261864692 0.06160060590759909
0 0.47542914843487044 0.4950770007573845 0.05318074722315719 0.07119414289320879
0 0.3848872433524066 0.4665488513001767 0.08768091551666106 0.10148952284776572
0 0.3943116795691686 0.45316839182024743 0.07993941433860653 0.015905074476142388
0 0.29148434870414003 0.44256500883615246 0.08768091551666106 0.12345367331481949
0 0.2771794008751262 0.5064377682403434 0.012790306294177045 0.029790456955314314
0 0.27835745540222145 0.5377429941933856 0.01127566475934029 0.03054784145417824
0 0.23157186132615282 0.4678111587982833 0.049814877145742176 0.03837414794243878
0 0.23140356782228205 0.5034082302448877 0.04745876809155167 0.033072456450391315
0 0.23241332884550656 0.5374905326937642 0.04560753954897341 0.02903307245645039
0 0.2428475260854931 0.4486240848270639 0.017502524402558062 0.017419843473870236
0 0.1972399865365197 0.44256500883615246 0.043756311006395154 0.026255995960616008
0 0.1856277347694379 0.4698308507952537 0.04442948502187816 0.03281999495077001
0 0.1863009087849209 0.5026508457460237 0.043756311006395154 0.03357737944963393
0 0.1856277347694379 0.5357233021964151 0.04442948502187816 0.03054784145417824
0 0.1400201952204645 0.4660439283009341 0.04510265903736116 0.03610199444584701
0 0.13985190171659373 0.5026508457460237 0.046617300572197914 0.03458722544811916
0 0.13917872770111073 0.5362282251956577 0.04611242006058566 0.03029537995455693
0 0.0991248737798721 0.4332239333501641 0.05065634466509593 0.036354455945468316
0 0.09794681925277685 0.4678111587982833 0.043924604510265905 0.034334763948497854
0 0.0974419387411646 0.5013885382479172 0.04173678895994615 0.036354455945468316
0 0.09660047122181084 0.5362282251956577 0.0429148434870414 0.02953799545569301
0 0.04779535509929317 0.47134561979298156 0.04863682261864692 0.0325675334511487
0 0.07876135981151128 0.4402928553395607 0.019185459441265568 0.02953799545569301
0 0.05873443285089196 0.4433223933350164 0.018680578929653316 0.026255995960616008
0 0.005385392123864019 0.4367583943448624 0.05301245371928644 0.03231507195152739
0 0.005385392123864019 0.4665488513001767 0.04341972399865365 0.03685937894471093
0 0.0035341635812857625 0.5021459227467812 0.04476607202961966 0.0325675334511487
0 0.002524402558061259 0.5347134561979299 0.04577583305284416 0.03029537995455693
0 0.049646583641871425 0.5044180762433729 0.046785594076068665 0.03281999495077001
0 0.049646583641871425 0.5367331481949003 0.046449007068327164 0.029790456955314314
0 0.0001682935038707506 0.44155516283766727 0.005385392123864019 0.02802322645796516
0 0.0 0.4698308507952537 0.004543924604510266 0.03660691744508962
0 0.0003365870077415012 0.5064377682403434 0.0030292830696735107 0.02802322645796516
0 0.015651295859979805 0.6041403685937895 0.038539212386401886 0.019691996970462006
0 0.0 0.6293865185559202 0.006563446650959273 0.03408230244887655
0 0.00555368562773477 0.6286291340570563 0.046785594076068665 0.0358495329462257
0 0.004712218108381017 0.6647311285029033 0.04560753954897341 0.030800302953799544
0 0.0030292830696735107 0.6950265084574603 0.04577583305284416 0.033072456450391315
0 0.0021878155503197577 0.7265841959101237 0.046617300572197914 0.030042918454935622
0 0.05149781218444968 0.627619288058571 0.05048805116122518 0.03711184044433224
0 0.049983170649612926 0.6632163595051754 0.05132951868057893 0.03281999495077001
0 0.049814877145742176 0.6932592779601111 0.05132951868057893 0.036354455945468316
0 0.04863682261864692 0.7230497349154253 0.052507573207674185 0.03483968694774047
0 0.10198586334567486 0.6536228225195657 0.046785594076068665 0.038879070941681394
0 0.10232245035341636 0.6894723554657914 0.04476607202961966 0.034334763948497854
0 0.10164927633793336 0.7217874274173188 0.043924604510265905 0.03206261045190609
0 0.10383709188825312 0.6215602120676597 0.024570851565129587 0.0325675334511487
0 0.1324469875462807 0.6180257510729614 0.030461124200605857 0.028528149457207774
0 0.14759340289464826 0.6556425145165362 0.046953887579939416 0.03559707144660439
0 0.14776169639851902 0.6914920474627619 0.047122181083810166 0.03357737944963393
0 0.14624705486368225 0.7220398889169402 0.04796364860316392 0.03357737944963393
0 0.1948838774823292 0.6508457460237314 0.02002692696061932 0.03382984094925524
0 0.2162571524739145 0.6543802070184297 0.024739145069000337 0.033072456450391315
0 0.1958936385055537 0.6861903559707144 0.04510265903736116 0.03786922494319616
0 0.1958936385055537 0.7245645039131532 0.043588017502524404 0.03155768745266347
0 0.2418377650622686 0.6273668265589497 0.04560753954897341 0.0358495329462257
0 0.2418377650622686 0.6632163595051754 0.046449007068327164 0.0325675334511487
0 0.24099629754291485 0.6945215854582176 0.04493436553349041 0.033072456450391315
0 0.24032312352743185 0.7253218884120172 0.04560753954897341 0.03155768745266347
0 0.286772130595759 0.6278717495581924 0.04880511612251767 0.03382984094925524
0 0.2869404240996298 0.6619540520070689 0.04729047458768092 0.03206261045190609
0 0.28593066307640524 0.694774046957839 0.04897340962638842 0.03206261045190609
0 0.2862672500841468 0.7250694269123958 0.04796364860316392 0.0325675334511487
0 0.3343991921911814 0.6286291340570563 0.047122181083810166 0.03483968694774047
0 0.33423089868731065 0.6619540520070689 0.046449007068327164 0.0325675334511487
0 0.3350723662066644 0.6922494319616258 0.04527095254123191 0.03281999495077001
0 0.33490407270279365 0.7238071194142893 0.04510265903736116 0.03281999495077001
0 0.38101649276337934 0.6273668265589497 0.046449007068327164 0.03534460994698309
0 0.3805116122517671 0.6634688210047968 0.04628071356445641 0.0325675334511487
0 0.3800067317401548 0.694016662458975 0.04745876809155167 0.033072456450391315
0 0.3800067317401548 0.7238071194142893 0.046449007068327164 0.031810148952284775
0 0.42931672837428475 0.6301439030547842 0.04274654998317065 0.03483968694774047
0 0.4261191518007405 0.6622065135066902 0.04745876809155167 0.03357737944963393
0 0.427128912823965 0.694016662458975 0.04729047458768092 0.03408230244887655
0 0.4274654998317065 0.726836657409745 0.04611242006058566 0.030800302953799544
0 0.4752608549309997 0.6690229739964655 0.035005048805116123 0.08533198687200202
0 0.5131268933019185 0.6723049734915425 0.041231908448333895 0.08356475637465287
0 0.5652978795018512 0.6728098964907852 0.0415684954560754 0.08305983337541024
0 0.5582295523392797 0.6627114365059329 0.035846516324469876 0.08003029537995456
0 0.6092224840121171 0.674324665488513 0.043756311006395154 0.08078767987881848
0 0.6534836755301245 0.6702852814945721 0.04459777852574891 0.08558444837162332
0 0.6982497475597442 0.6690229739964655 0.0415684954560754 0.0848270638727594
0 0.6837765062268596 0.6619540520070689 0.04442948502187816 0.008078767987881848
0 0.706496129249411 0.6081797525877304 0.012453719286435544 0.0292855339560717
0 0.7181083810164928 0.6081797525877304 0.018848872433524066 0.03610199444584701
0 0.7374621339616291 0.6051502145922747 0.021204981487714575 0.04443322393335016
0 0.7593402894648267 0.6056551375915173 0.0568832043083137 0.05023983842464024
0 0.7590037024570851 0.5551628376672557 0.05637832379670145 0.049987376925018936
0 0.8155503197576573 0.5556677606664984 0.0575563783237967 0.04948245392577632
0 0.8168966677886234 0.6056551375915173 0.057724671827667454 0.04746276192880586
0 0.8742847526085493 0.5569300681646049 0.05890272635476271 0.049229992426155014
0 0.8756311006395153 0.6061600605907599 0.05637832379670145 0.045443069931835396
0 0.9326825984516998 0.5584448371623327 0.0565466173005722 0.0487250694269124
0 0.9336923594749242 0.6081797525877304 0.0572197913160552 0.04367583943448624
0 0.9883877482329182 0.720272658419591 0.010770784247728038 0.046452915930320623
0 0.9888926287445304 0.7611714213582429 0.010939077751598789 0.045443069931835396
0 0.9744193874116459 0.7220398889169402 0.01682935038707506 0.03130522595304216
0 0.9715583978458432 0.7952537238071195 0.01682935038707506 0.014137843978793235
0 0.971053517334231 0.8119161827821257 0.02810501514641535 0.05604645291593032
0 0.9193874116459104 0.7427417318858874 0.049814877145742176 0.0522595304216107
0 0.8705822955233928 0.7346629638980056 0.041400201952204646 0.05049229992426155
0 0.8444968024234265 0.7818732643271901 0.04240996297542915 0.056298914415551626
0 0.8870750589027263 0.7823781873264327 0.03668798384382363 0.051754607422368086
0 0.925109390777516 0.792476647311285 0.04527095254123191 0.048472607927291085
0 0.925782564792999 0.8366574097450139 0.04543924604510266 0.046452915930320623
0 0.8885897004375631 0.8341327947488008 0.03702457085156513 0.045190608432214084
0 0.845506563446651 0.8369098712446352 0.04240996297542915 0.046705377429941936
0 0.800908784920902 0.8333754102499369 0.043924604510265905 0.04771522342842716
0 0.8010770784247728 0.7929815703105276 0.043924604510265905 0.04721030042918455
0 0.799562436889936 0.7535975763696037 0.04560753954897341 0.044685685432971474
0 0.7992258498821946 0.7061348144407977 0.04543924604510266 0.05074476142388286
0 0.7564792998990238 0.7041151224438273 0.0422416694715584 0.049734915425397624
0 0.7534500168293504 0.7510729613733905 0.046785594076068665 0.045443069931835396
0 0.7564792998990238 0.792476647311285 0.04476607202961966 0.0456955314314567
0 0.7571524739145069 0.8308507952537239 0.044261191518007406 0.049229992426155014
0 0.7263547627061595 0.8639232517041151 0.04207337596768765 0.09946983085079525
0 0.6452372938404578 0.8626609442060086 0.03988556041736789 0.10022721534965917
0 0.6068663749579266 0.865438020701843 0.03954897340962639 0.09972229235041656
0 0.564119824974756 0.8578641757132037 0.03736115785930663 0.09694521585458217
0 0.5269269606193201 0.8629134057056299 0.03685627734769438 0.10300429184549356
0 0.48350723662066647 0.8629134057056299 0.03719286435543588 0.10300429184549356
0 0.45186805789296536 0.7972734158040898 0.052507573207674185 0.036354455945468316
0 0.44362167620329856 0.8636707902044938 0.03719286435543588 0.10148952284776572
0 0.39868731066980817 0.8656904822014643 0.037866038370918884 0.10249936884625095
0 0.35981151127566474 0.8646806362029791 0.03736115785930663 0.10174198434738703
0 0.0 0.8109063367836405 0.040895321440592394 0.049987376925018936
0 0.0 0.852310022721535 0.038034331874789634 0.0424135319363797
0 0.0 0.8843726331734411 0.03769774486704813 0.044685685432971474
0 0.0 0.9182024741226963 0.03719286435543588 0.043423377934864935
0 0.037866038370918884 0.8098964907851552 0.05419050824638169 0.0520070689219894
0 0.08835408953214406 0.793234031810149 0.0286098956580276 0.022721534965917698
0 0.12537866038370918 0.7952537238071195 0.044261191518007406 0.01918707397121939
0 0.17502524402558062 0.7919717243120424 0.03601480982834063 0.02827568795758647
0 0.13429821608885897 0.8139358747790962 0.05149781218444968 0.046452915930320623
0 0.08229552339279704 0.8129260287806109 0.05419050824638169 0.05074476142388286
0 0.08195893638505554 0.8558444837162332 0.05065634466509593 0.04140368593789447
0 0.08094917536183104 0.8879070941681394 0.05183439919219118 0.043423377934864935
0 0.08044429485021878 0.9199697046200455 0.052170986199932684 0.04291845493562232
0 0.03719286435543588 0.8558444837162332 0.043924604510265905 0.03736430194395355
0 0.03702457085156513 0.8881595556677606 0.043924604510265905 0.038879070941681394
0 0.1337933355772467 0.851552638222671 0.05116122517670818 0.04493814693259278
0 0.13227869404240997 0.8894218631658672 0.04813194210703467 0.039636455440545316
0 0.1317738135307977 0.921232012118152 0.04863682261864692 0.03988891694016662
0 0.18041063614944464 0.8472607927291088 0.05065634466509593 0.0487250694269124
0 0.20397172669134972 0.7995455693006817 0.038370918882531135 0.04317091643524362
0 0.18057892965331537 0.8848775561726837 0.049983170649612926 0.04620045443069932
0 0.17956916863009087 0.9204746276192881 0.05132951868057893 0.042161070436758395
0 0.23224503534163582 0.8149457207775814 0.04880511612251767 0.049987376925018936
0 0.23190844833389432 0.8576117142135824 0.049646583641871425 0.03988891694016662
0 0.23123527431841132 0.8927038626609443 0.04577583305284416 0.03837414794243878
0 0.23123527431841132 0.924514011613229 0.04543924604510266 0.03837414794243878
0 0.27835745540222145 0.8636707902044938 0.04055873443285089 0.10022721534965917
0 0.33052844160215417 0.8477657157283515 0.03769774486704813 0.08709921736935117
0 0.24957926624032312 0.7942438778086341 0.0422416694715584 0.01994445847008331
0 0.6868057892965331 0.8644281747033578 0.04055873443285089 0.09568290835647564
0 0.7682598451699765 0.9255238576117142 0.03870750589027264 0.06235799040646301
0 0.7691013126893302 0.9818227720272659 0.04039044092898014 0.01792476647311285
0 0.8110063951531471 0.9260287806109568 0.04442948502187816 0.05907599091138602
0 0.8081454055873444 0.9772784650340823 0.04846852911477617 0.02246907346629639
0 0.8574554022214742 0.9265337036101995 0.04846852911477617 0.0618530674072204
0 0.8577919892292157 0.9785407725321889 0.049478290138000675 0.020701842968947236
0 0.9064288118478627 0.9295632416056552 0.04729047458768092 0.05402676091895986
0 0.9077751598788287 0.976268619035597 0.04863682261864692 0.022973996465539007
0 0.9537192864355436 0.927796011108306 0.018175698418041064 0.046452915930320623
0 0.990575563783238 0.9298157031052764 0.009087849209020532 0.058823529411764705
0 0.9550656344665096 0.9752587730371118 0.043756311006395154 0.02448876546326685
