0 0.000992063492063492 0.00248015873015873 0.1078042328042328 0.14360119047619047
0 0.19345238095238096 0.527281746031746 0.13326719576719576 0.1515376984126984
0 0.32837301587301587 0.5260416666666666 0.12764550264550265 0.1515376984126984
0 0.458994708994709 0.5257936507936508 0.13227513227513227 0.15476190476190477
0 0.5906084656084656 0.5270337301587301 0.1349206349206349 0.15426587301587302
0 0.4470899470899471 0.3501984126984127 0.13425925925925927 0.1470734126984127
0 0.716931216931217 0.35267857142857145 0.1283068783068783 0.1453373015873016
0 0.845568783068783 0.3474702380952381 0.1541005291005291 0.15029761904761904
0 0.06878306878306878 0.7105654761904762 0.1001984126984127 0.1416170634920635
0 0.12037037037037036 0.7041170634920635 0.10747354497354497 0.13442460317460317
0 0.16104497354497355 0.6984126984126984 0.1259920634920635 0.14012896825396826
0 0.0013227513227513227 0.6959325396825397 0.09821428571428571 0.14459325396825398
0 0.26951058201058203 0.6946924603174603 0.07738095238095238 0.08283730158730158
0 0.3468915343915344 0.6956845238095238 0.02513227513227513 0.10218253968253968
0 0.4933862433862434 0.6956845238095238 0.11970899470899471 0.13095238095238096
0 0.48644179894179895 0.8673115079365079 0.12665343915343916 0.12797619047619047
0 0.8161375661375662 0.8519345238095238 0.045965608465608467 0.01488095238095238
0 0.027777777777777776 0.8410218253968254 0.03835978835978836 0.014384920634920634
0 0.26355820105820105 0.8489583333333334 0.0419973544973545 0.015376984126984126
0 0.7278439153439153 0.5260416666666666 0.13161375661375663 0.1527777777777778
0 0.8621031746031746 0.5270337301587301 0.12367724867724868 0.15203373015873015
0 0.04034391534391534 0.35639880952380953 0.14054232804232805 0.1433531746031746
0 0.18287037037037038 0.35143849206349204 0.1335978835978836 0.14781746031746032
0 0.31646825396825395 0.35367063492063494 0.1292989417989418 0.14459325396825398
0 0.8402777777777778 0.8670634920634921 0.15806878306878308 0.1307043650793651
0 0.7251984126984127 0.8670634920634921 0.10615079365079365 0.1029265873015873
0 0.609457671957672 0.8814484126984127 0.13723544973544974 0.1158234126984127
0 0.7347883597883598 0.17485119047619047 0.12400793650793651 0.1388888888888889
0 0.5122354497354498 0.0 0.13855820105820105 0.14112103174603174
0 0.8611111111111112 0.3162202380952381 0.04794973544973545 0.01066468253968254
0 0.6818783068783069 0.31398809523809523 0.047619047619047616 0.012648809523809524
0 0.5072751322751323 0.3162202380952381 0.04828042328042328 0.011160714285714286
0 0.8343253968253969 0.6808035714285714 0.04894179894179894 0.014384920634920634
0 0.4837962962962963 0.8516865079365079 0.04332010582010582 0.014136904761904762
0 0.07705026455026455 0.6785714285714286 0.04563492063492063 0.015128968253968254
0 0.8961640211640212 0.49950396825396826 0.04894179894179894 0.014136904761904762
0 0.6789021164021164 0.6822916666666666 0.044642857142857144 0.011408730158730158
0 0.6134259259259259 0.6964285714285714 0.062169312169312166 0.10441468253968254
0 0.6967592592592593 0.6994047619047619 0.1550925925925926 0.15575396825396826
0 0.0992063492063492 0.8606150793650794 0.09689153439153439 0.12574404761904762
0 0.0013227513227513227 0.8568948412698413 0.09656084656084656 0.14087301587301587
0 0.0 0.5493551587301587 0.05555555555555555 0.12822420634920634
0 0.0 0.3576388888888889 0.04728835978835979 0.13814484126984128
0 0.0 0.20907738095238096 0.09887566137566138 0.10788690476190477
0 0.0992063492063492 0.20634920634920634 0.07738095238095238 0.11011904761904762
0 0.1765873015873016 0.18377976190476192 0.14484126984126985 0.13219246031746032
0 0.335978835978836 0.19543650793650794 0.12400793650793651 0.11879960317460317
0 0.6150793650793651 0.4992559523809524 0.04662698412698413 0.013640873015873016
0 0.4851190476190476 0.5004960317460317 0.044642857142857144 0.012896825396825396
0 0.4626322751322751 0.17683531746031747 0.13227513227513227 0.13740079365079366
0 0.5958994708994709 0.17807539682539683 0.1388888888888889 0.13293650793650794
0 0.857473544973545 0.19270833333333334 0.10449735449735449 0.12103174603174603
0 0.6501322751322751 0.0 0.1746031746031746 0.1416170634920635
0 0.37533068783068785 0.0 0.13855820105820105 0.1416170634920635
0 0.13525132275132276 0.14856150793650794 0.046957671957671955 0.01066468253968254
0 0.23776455026455026 0.14657738095238096 0.046957671957671955 0.009176587301587302
0 0.6841931216931217 0.1433531746031746 0.049933862433862435 0.008928571428571428
0 0.5922619047619048 0.3159722222222222 0.045965608465608467 0.01240079365079365
0 0.3792989417989418 0.31572420634920634 0.04563492063492063 0.011904761904761904
0 0.24966931216931218 0.31820436507936506 0.04794973544973545 0.011160714285714286
0 0.11937830687830688 0.3177083333333333 0.04728835978835979 0.012152777777777778
0 0.2123015873015873 0.5002480158730159 0.047619047619047616 0.01314484126984127
0 0.3627645502645503 0.4992559523809524 0.045304232804232805 0.014384920634920634
0 0.05555555555555555 0.5364583333333334 0.13525132275132276 0.140625
0 0.0013227513227513227 0.5002480158730159 0.09027777777777778 0.04811507936507937
0 0.3449074074074074 0.8707837301587301 0.13293650793650794 0.12698412698412698
0 0.3723544973544973 0.6956845238095238 0.11838624338624339 0.12425595238095238
0 0.17989417989417988 0.8715277777777778 0.16567460317460317 0.12425595238095238
0 0.5803571428571429 0.3509424603174603 0.13525132275132276 0.1463293650793651
0 0.8151455026455027 0.0 0.16666666666666666 0.14285714285714285
0 0.6412037037037037 0.314484126984127 0.03736772486772487 0.011408730158730158
0 0.23544973544973544 0.0 0.1359126984126984 0.14112103174603174
0 0.10582010582010581 0.002232142857142857 0.1292989417989418 0.14459325396825398
0 0.0873015873015873 0.15079365079365079 0.04728835978835979 0.00992063492063492
0 0.8425925925925926 0.7046130952380952 0.13260582010582012 0.14434523809523808
