0 0.04030313468825353 0.10299689975887014 0.05339304168101963 0.025146400275576988
0 0.12676541508784017 0.10196348604891492 0.054081984154323116 0.02686875645883569
0 0.22149500516706855 0.10196348604891492 0.054081984154323116 0.029280055115397864
0 0.3014123320702721 0.10368584223217361 0.054426455390974855 0.028246641405442644
0 0.39131932483637616 0.10299689975887014 0.05339304168101963 0.028935583878746125
0 0.5163623837409577 0.10471925594212883 0.0513262142611092 0.028935583878746125
0 0.001722356183258698 0.3027902170168791 0.04891491560454702 0.02411298656562177
0 0.19703754736479503 0.3021012745435756 0.052704099207716154 0.027213227695487428
0 0.25111953151911814 0.3010678608336204 0.052015156734412676 0.029280055115397864
0 0.3176024801929039 0.30037891836031694 0.04925938684119876 0.029624526352049603
0 0.3864967275232518 0.3027902170168791 0.04925938684119876 0.028246641405442644
0 0.5232518084739924 0.30416810196348604 0.0478815018945918 0.029624526352049603
0 0.588701343437823 0.30589045814674476 0.05098174302445746 0.027557698932139166
0 0.0 0.4863933861522563 0.00792283844299001 0.025146400275576988
0 0.054770926627626594 0.48535997244230106 0.0461591457113331 0.025146400275576988
0 0.10230795728556666 0.4863933861522563 0.052015156734412676 0.025146400275576988
0 0.1784361005856011 0.4863933861522563 0.05098174302445746 0.02411298656562177
0 0.2521529452290734 0.4846710299689976 0.050292800551153975 0.02686875645883569
0 0.3110575266965208 0.4863933861522563 0.049948329314502236 0.025146400275576988
0 0.3768515328970031 0.4863933861522563 0.049948329314502236 0.02583534274888047
0 0.45607991732690323 0.4857044436789528 0.04925938684119876 0.026524285222183946
0 0.5466758525663107 0.48535997244230106 0.04891491560454702 0.02549087151222873
0 0.6259042369962108 0.48535997244230106 0.04891491560454702 0.027213227695487428
0 0.7230451257320014 0.4870823286255598 0.045470203238029624 0.02549087151222873
0 0.7826386496727523 0.4891491560454702 0.049948329314502236 0.02445745780227351
0 0.8336203926972098 0.4863933861522563 0.047537030657940064 0.026179813985532208
0 0.7013434378229418 0.30416810196348604 0.05063727178780572 0.027557698932139166
0 0.7747158112297623 0.3048570444367895 0.052704099207716154 0.02583534274888047
0 0.8759903548053738 0.30416810196348604 0.05167068549776094 0.02686875645883569
0 0.9586634516017912 0.30416810196348604 0.04099207716155701 0.025146400275576988
0 0.8825353083017567 0.48777127109886326 0.050292800551153975 0.025146400275576988
0 0.9335170513262142 0.48777127109886326 0.04925938684119876 0.02583534274888047
0 0.0 0.65346193592835 0.014812263176024801 0.025146400275576988
0 0.07268343093351705 0.6517395797450913 0.04891491560454702 0.027557698932139166
0 0.15466758525663107 0.6544953496383052 0.04822597313124354 0.02480192903892525
0 0.20909404064760592 0.6544953496383052 0.04891491560454702 0.02480192903892525
0 0.2580089562521529 0.6544953496383052 0.0478815018945918 0.02411298656562177
0 0.3496383052015157 0.65346193592835 0.04891491560454702 0.02411298656562177
0 0.40578711677574925 0.65346193592835 0.04891491560454702 0.02480192903892525
0 0.47330347915949017 0.6524285222183948 0.031002411298656562 0.02583534274888047
0 0.5304857044436789 0.65346193592835 0.04684808818463658 0.02686875645883569
0 0.592490527040992 0.6562177058215639 0.0461591457113331 0.02583534274888047
0 0.6975542542197727 0.6562177058215639 0.047192559421288326 0.026524285222183946
0 0.0 0.8405098174302446 0.02480192903892525 0.027213227695487428
0 0.08163968308646229 0.8422321736135032 0.04374784705477092 0.02411298656562177
0 0.14846710299689975 0.8429211160868068 0.0461591457113331 0.02583534274888047
0 0.23045125732001379 0.8422321736135032 0.0461591457113331 0.02583534274888047
0 0.31209094040647606 0.8422321736135032 0.045470203238029624 0.02549087151222873
0 0.38959696865311744 0.8411987599035481 0.0461591457113331 0.027557698932139166
0 0.4526352049603858 0.8411987599035481 0.04650361694798484 0.027557698932139166
0 0.5284188770237686 0.8429211160868068 0.045470203238029624 0.02583534274888047
0 0.5935239407509473 0.8429211160868068 0.043403375818119184 0.02583534274888047
0 0.7905614881157423 0.6562177058215639 0.04684808818463658 0.023768515328970032
0 0.8542886668963141 0.6562177058215639 0.045125732001377886 0.02445745780227351
0 0.9073372373406821 0.6555287633482604 0.049948329314502236 0.025146400275576988
0 0.9807096107475026 0.6555287633482604 0.018945918015845678 0.02583534274888047
0 0.6500172235618326 0.8422321736135032 0.045470203238029624 0.027557698932139166
0 0.718222528418877 0.843954529796762 0.04581467447468136 0.02480192903892525
0 0.769893213916638 0.8432655873234585 0.0 0.0
0 0.771271098863245 0.843954529796762 0.0461591457113331 0.02480192903892525
0 0.8670341026524285 0.8446434722700654 0.04478126076472615 0.025146400275576988
0 0.9658973475714778 0.8422321736135032 0.03410265242852222 0.025146400275576988
0 0.0003444712366517396 0.0006889424733034792 0.03720289355838787 0.09782983120909404
0 0.04891491560454702 0.0013778849466069584 0.107130554598691 0.1009300723389597
0 0.22046159145711333 0.001722356183258698 0.08715122287289011 0.09817430244574578
0 0.3761625904236996 0.0006889424733034792 0.13262142611091973 0.03238029624526352
0 0.3840854288666896 0.036513951085084394 0.1305545986910093 0.033069238718567
0 0.38167413021012747 0.07027213227695488 0.1288322425077506 0.03410265242852222
0 0.5201515673441268 0.036513951085084394 0.10196348604891492 0.06854977609369618
0 0.6407165001722356 0.0 0.05890458146744747 0.10196348604891492
0 0.710299689975887 0.007233895969686531 0.09851877368239752 0.09714088873579056
0 0.817430244574578 0.02549087151222873 0.08473992421632794 0.07578367206338271
0 0.9235273854633138 0.035825008611780916 0.06234929383396486 0.05821563899414399
0 0.9283499827764382 0.23079572855666552 0.0713055459869101 0.03513606613847744
0 0.9328281088529108 0.26593179469514294 0.06682741991043747 0.03238029624526352
0 0.8504994832931451 0.20564932828108853 0.04099207716155701 0.027902170168790905
0 0.8660006889424733 0.2342404409231829 0.062004822597313124 0.03410265242852222
0 0.8553220806062694 0.26834309335170514 0.0747502583534275 0.029624526352049603
0 0.782983120909404 0.16603513606613848 0.07096107475025835 0.04030313468825353
0 0.7630037891836031 0.20082673096796416 0.08232862555976576 0.03548053737512918
0 0.7884946606958319 0.23906303823630726 0.05821563899414399 0.028246641405442644
0 0.7857388908026179 0.26834309335170514 0.061315880124009646 0.03169135377196004
0 0.891491560454702 0.3472270065449535 0.07199448846021357 0.04891491560454702
0 0.8801240096451947 0.34481570788839133 0.066138477437134 0.03720289355838787
0 0.8966586290044781 0.395452979676197 0.07165001722356183 0.04030313468825353
0 0.8932139166379607 0.4350671718911471 0.07096107475025835 0.04202549087151223
0 0.8050292800551154 0.339993110575267 0.0644161212538753 0.04478126076472615
0 0.8432655873234585 0.3926972097829831 0.03720289355838787 0.03961419221495005
0 0.8384429900103342 0.4371339993110575 0.04030313468825353 0.03926972097829831
0 0.782983120909404 0.4309335170513262 0.04409231829142267 0.04409231829142267
0 0.7802273510161901 0.3806407165001722 0.04168101963486049 0.0461591457113331
0 0.9703754736479504 0.39028591112642097 0.028591112642094386 0.027902170168790905
0 0.965552876334826 0.4143988976920427 0.03410265242852222 0.06062693765070617
0 0.6903203582500861 0.21598346538064073 0.09266276265931794 0.07785049948329315
0 0.5921460558043403 0.22252841887702376 0.08611780916293489 0.054770926627626594
0 0.5931794695142956 0.1880812952118498 0.07991732690320358 0.03238029624526352
0 0.6007578367206339 0.15914571133310368 0.07647261453668619 0.02686875645883569
0 0.5170513262142611 0.206338270754392 0.07096107475025835 0.08749569410954185
0 0.7385463313813296 0.38236307268343095 0.04271443334481571 0.04443678952807441
0 0.7113331036858422 0.3610058560110231 0.03926972097829831 0.018601446779193936
0 0.7058215638994144 0.35308301756803306 0.030313468825353084 0.007233895969686531
0 0.7351016190148123 0.43265587323458493 0.043058904581467446 0.043058904581467446
0 0.6234929383396487 0.33585945573544607 0.036513951085084394 0.029968997588701342
0 0.6655184292111609 0.337237340682053 0.03961419221495005 0.028591112642094386
0 0.6317602480192904 0.3751291767137444 0.04133654839820875 0.036169479848432655
0 0.6796417499138822 0.3751291767137444 0.043058904581467446 0.036169479848432655
0 0.6345160179125043 0.41233207027213226 0.04409231829142267 0.03513606613847744
0 0.6813641060971409 0.412676541508784 0.04925938684119876 0.03720289355838787
0 0.6338270754392008 0.44712366517395796 0.04271443334481571 0.029280055115397864
0 0.6803306923871857 0.4488460213572167 0.04857044436789528 0.027557698932139166
0 0.552876334826042 0.3520496038580779 0.07337237340682053 0.12504305890458148
0 0.4612469858766793 0.3802962452635205 0.08611780916293489 0.09610747502583535
0 0.38236307268343095 0.3492938339648639 0.07061660351360662 0.12056493282810886
0 0.3255253186358939 0.33861522562866003 0.054081984154323116 0.1350327247674819
0 0.2518084739924216 0.3579056148811574 0.061660351360661385 0.06234929383396486
0 0.24767481915260076 0.4202549087151223 0.06820530485704444 0.056837754047537034
0 0.001722356183258698 0.33895969686531174 0.07268343093351705 0.04925938684119876
0 0.07716155700998967 0.3334481570788839 0.029280055115397864 0.043403375818119184
0 0.0003444712366517396 0.3916637960730279 0.0747502583534275 0.03548053737512918
0 0.0010334137099552187 0.43265587323458493 0.062004822597313124 0.04202549087151223
0 0.06510506372717878 0.35549431622459526 0.06476059249052704 0.11987599035480537
0 0.1339993110575267 0.35618325869789874 0.05167068549776094 0.12228728901136755
0 0.19634860489149156 0.3541164312779883 0.05063727178780572 0.12332070272132277
0 0.0010334137099552187 0.14330003444712366 0.08232862555976576 0.012400964519462624
0 0.0 0.1949707199448846 0.020668274199104376 0.08129521184981055
0 0.016879090595935238 0.198415432311402 0.0974853599724423 0.026179813985532208
0 0.010678608336203927 0.22425077506028246 0.09817430244574578 0.02445745780227351
0 0.016879090595935238 0.25008611780916296 0.09162934894936273 0.02342404409231829
0 0.014467791939373063 0.27798828797795383 0.09438511884257665 0.018945918015845678
0 0.09128487771271099 0.18911470892180504 0.07991732690320358 0.019979331725800895
0 0.11643127798828798 0.23217361350327248 0.10816396830864623 0.045125732001377886
0 0.23389596968653117 0.22252841887702376 0.07957285566655184 0.07509472959007923
0 0.305545986910093 0.15156734412676542 0.07509472959007923 0.07681708577333793
0 0.31898036513951084 0.22528418877023768 0.07165001722356183 0.07268343093351705
0 0.3926972097829831 0.23906303823630726 0.06372717878057182 0.05890458146744747
0 0.455046503616948 0.25973131243541164 0.06097140888735791 0.037891836031691356
0 0.0013778849466069584 0.5142955563210472 0.08611780916293489 0.13021012745435756
0 0.08060626937650706 0.563554943162246 0.08198415432311403 0.0809507406131588
0 0.13882190837065106 0.521184981054082 0.04133654839820875 0.022735101619014812
0 0.19118153634171547 0.5156734412676541 0.06269376507061661 0.03926972097829831
0 0.1846365828453324 0.5669996555287633 0.052015156734412676 0.056837754047537034
0 0.23630726834309335 0.5845676885980021 0.09541853255253187 0.05821563899414399
0 0.24044092318291424 0.5428866689631415 0.09369617636927316 0.035825008611780916
0 0.337237340682053 0.5842232173613503 0.06889424733034792 0.05718222528418877
0 0.3368928694454013 0.5408198415432312 0.0747502583534275 0.043403375818119184
0 0.33275921460558044 0.5139510850843955 0.06717189114708921 0.012056493282810886
0 0.26248708232862555 0.5232518084739924 0.054770926627626594 0.022046159145711335
0 0.4343782294178436 0.5111953151911816 0.06476059249052704 0.033758181191870476
0 0.4157767826386497 0.5428866689631415 0.06717189114708921 0.04236996210816397
0 0.45607991732690323 0.4857044436789528 0.04925938684119876 0.026524285222183946
0 0.4987943506717189 0.5838787461246986 0.07509472959007923 0.049948329314502236
0 0.40957630037891835 0.5869789872545642 0.06751636238374095 0.05304857044436789
0 0.5814674474681364 0.5311746469169825 0.0809507406131588 0.018256975542542197
0 0.5831898036513951 0.5501205649328281 0.0940406476059249 0.05752669652084051
0 0.5859455735446091 0.6069583189803651 0.08921805029280055 0.02583534274888047
0 0.6823975198070961 0.5266965208405098 0.07991732690320358 0.11470892180502928
0 0.765759559076817 0.5552876334826042 0.059593523940750945 0.09059593523940751
0 0.7847054770926628 0.5139510850843955 0.05304857044436789 0.03513606613847744
0 0.8243196693076128 0.555632104719256 0.05580434033758181 0.03892524974164657
0 0.8315535652772994 0.5955907681708578 0.047537030657940064 0.02411298656562177
0 0.8349982776438167 0.6197037547364795 0.047537030657940064 0.023768515328970032
0 0.8973475714777817 0.5738890802617982 0.07509472959007923 0.07578367206338271
0 0.892869445401309 0.5607991732690321 0.052359627971064415 0.010334137099552188
0 0.8901136755080951 0.552876334826042 0.04133654839820875 0.007233895969686531
0 0.8797795384085428 0.5456424388563555 0.03961419221495005 0.00826730967964175
0 0.8715122287289011 0.5397864278332759 0.031346882535308304 0.007233895969686531
0 0.8591112642094385 0.5346193592834998 0.033758181191870476 0.005167068549776094
0 0.8432655873234585 0.5232518084739924 0.04133654839820875 0.009300723389596968
0 0.9758870134343782 0.5949018256975542 0.02307957285566655 0.052015156734412676
0 0.9751980709610748 0.5284188770237686 0.02445745780227351 0.06544953496383052
0 0.9421288322425078 0.5242852221839477 0.03203582500861178 0.047537030657940064
0 0.9173269032035825 0.5149844987943507 0.02307957285566655 0.027902170168790905
0 0.40268687564588357 0.5136066138477438 0.025146400275576988 0.022390630382363073
0 0.7702376851532897 0.3430933517051326 0.03410265242852222 0.02583534274888047
0 0.7599035480537375 0.34137099552187394 0.010334137099552188 0.018945918015845678
0 0.0013778849466069584 0.7113331036858422 0.0974853599724423 0.12469858766792973
0 0.1350327247674819 0.6906648294867379 0.07061660351360662 0.07027213227695488
0 0.09610747502583535 0.7395797450912849 0.06682741991043747 0.066138477437134
0 0.11401997933172581 0.7295900792283845 0.02307957285566655 0.00792283844299001
0 0.1977264898380985 0.6820530485704444 0.026179813985532208 0.0461591457113331
0 0.23665173957974509 0.6927316569066483 0.01722356183258698 0.015501205649328281
0 0.22735101619014814 0.7109886324491905 0.013778849466069583 0.018601446779193936
0 0.23389596968653117 0.7020323802962453 0.013434378229417844 0.016879090595935238
0 0.2218394764037203 0.7240785394419565 0.012056493282810886 0.01619014812263176
0 0.2166724078539442 0.7337237340682053 0.011712022046159145 0.017912504305890458
0 0.2053048570444368 0.7437133999311057 0.019979331725800895 0.02445745780227351
0 0.14915604547020322 0.7643816741302101 0.0747502583534275 0.07027213227695488
0 0.22597313124354115 0.7695487426799862 0.0775060282466414 0.061660351360661385
0 0.2445745780227351 0.7416465725111954 0.06028246641405443 0.014812263176024801
0 0.2586978987254564 0.7268343093351705 0.049948329314502236 0.012745435756114365
0 0.2593868411987599 0.6954874267998622 0.06476059249052704 0.029968997588701342
0 0.26937650706166033 0.6813641060971409 0.05752669652084051 0.011367550809507406
0 0.3368928694454013 0.6806751636238374 0.059593523940750945 0.014812263176024801
0 0.33069238718567 0.6989321391663796 0.05890458146744747 0.018601446779193936
0 0.33000344471236653 0.70892180502928 0.05649328281088529 0.0165346193592835
0 0.3248363761625904 0.7189114708921805 0.05890458146744747 0.020668274199104376
0 0.30933517051326215 0.7450912848777127 0.0695831898036514 0.07543920082673097
0 0.380985187736824 0.7530141233207027 0.07337237340682053 0.07681708577333793
0 0.39373062349293836 0.7282121942817775 0.061315880124009646 0.02411298656562177
0 0.5201515673441268 0.7426799862211505 0.07096107475025835 0.06992766104030314
0 0.5263520496038581 0.7302790217016879 0.05856011023079573 0.009645194626248708
0 0.5942128832242508 0.7557698932139166 0.05787116775749225 0.07199448846021357
0 0.5931794695142956 0.7382018601446779 0.04822597313124354 0.017912504305890458
0 0.5918015845676886 0.7161557009989666 0.04133654839820875 0.020323802962452637
0 0.6544953496383052 0.7616259042369962 0.04857044436789528 0.054081984154323116
0 0.6496727523251808 0.7020323802962453 0.050292800551153975 0.05511539786427833
0 0.6507061660351361 0.6820530485704444 0.05511539786427833 0.011712022046159145
0 0.7034102652428522 0.694454013089907 0.03892524974164657 0.014123320702721322
0 0.6996210816396831 0.7092662762659317 0.07440578711677574 0.11815363417154667
0 0.7767826386496728 0.7492249397175336 0.07302790217016879 0.031002411298656562
0 0.7705821563899414 0.7351016190148123 0.06889424733034792 0.012400964519462624
0 0.7791939373062349 0.792283844299001 0.0843954529796762 0.03548053737512918
0 0.7798828797795384 0.7826386496727523 0.07199448846021357 0.00826730967964175
0 0.8684119875990355 0.8033069238718566 0.08715122287289011 0.02342404409231829
0 0.8697898725456424 0.7671374440234241 0.08405098174302446 0.03169135377196004
0 0.8656562177058216 0.7509472959007922 0.07716155700998967 0.014123320702721322
0 0.8511884257664485 0.7244230106786084 0.06751636238374095 0.0165346193592835
0 0.8622115053393041 0.7406131588012401 0.06717189114708921 0.00861178091629349
0 0.8411987599035481 0.7140888735790561 0.06682741991043747 0.012745435756114365
0 0.8215638994143989 0.6885980020668274 0.08129521184981055 0.023768515328970032
0 0.8136410609714089 0.6820530485704444 0.06751636238374095 0.006544953496383052
0 0.9593523940750948 0.7495694109541853 0.04030313468825353 0.07440578711677574
0 0.033069238718567 0.8694454013089907 0.07785049948329315 0.037891836031691356
0 0.003444712366517396 0.9090595935239407 0.06854977609369618 0.029280055115397864
0 0.0013778849466069584 0.9428177747158112 0.03961419221495005 0.04202549087151223
0 0.0010334137099552187 0.9631415776782639 0.01584567688598002 0.030313468825353084
0 0.022390630382363073 0.9579745091284878 0.07199448846021357 0.04168101963486049
0 0.07440578711677574 0.9452290733723734 0.09714088873579056 0.054426455390974855
0 0.07612814330003445 0.9390285911126421 0.061315880124009646 0.017912504305890458
0 0.08405098174302446 0.8701343437822942 0.08990699276610403 0.05167068549776094
0 0.12814330003444713 0.8715122287289011 0.08301756803306924 0.06269376507061661
0 0.17292456079917326 0.9307612814330003 0.09266276265931794 0.06889424733034792
0 0.21219428177747157 0.8701343437822942 0.07647261453668619 0.052015156734412676
0 0.2097829831209094 0.9142266620737168 0.07819497071994488 0.02480192903892525
0 0.26765415087840166 0.9331725800895625 0.03169135377196004 0.031346882535308304
0 0.3010678608336204 0.8691009300723389 0.022046159145711335 0.014123320702721322
0 0.2776438167413021 0.9476403720289356 0.11608680675163624 0.052015156734412676
0 0.30933517051326215 0.8715122287289011 0.09886324491904926 0.06786083362039269
0 0.38615225628660005 0.9903548053737513 0.059593523940750945 0.009300723389596968
0 0.39441956596624184 0.9404064760592491 0.06717189114708921 0.050292800551153975
0 0.4071650017223562 0.9145711333103685 0.05856011023079573 0.02480192903892525
0 0.4099207716155701 0.9069927661040303 0.05856011023079573 0.006889424733034792
0 0.412676541508784 0.8987254564243886 0.05856011023079573 0.0058560110230795725
0 0.4164657251119532 0.8825353083017567 0.05856011023079573 0.013778849466069583
0 0.4195659662418188 0.8732345849121599 0.061660351360661385 0.007578367206338271
0 0.5087840165346194 0.9600413365483982 0.03961419221495005 0.03961419221495005
0 0.5501205649328281 0.9627971064416121 0.052359627971064415 0.03685842232173613
0 0.5136066138477438 0.9042369962108164 0.03720289355838787 0.054081984154323116
0 0.5173957974509128 0.8832242507750603 0.03444712366517396 0.019290389252497417
0 0.5521873923527385 0.8901136755080951 0.06028246641405443 0.014467791939373063
0 0.5549431622459524 0.8718566999655529 0.05545986910093007 0.01619014812263176
0 0.6486393386152256 0.9824319669307613 0.07027213227695488 0.01722356183258698
0 0.644161212538753 0.961763692731657 0.06786083362039269 0.020668274199104376
0 0.6104030313468826 0.9638305201515673 0.029624526352049603 0.03513606613847744
0 0.6527729934550465 0.9428177747158112 0.03410265242852222 0.017912504305890458
0 0.6048914915604547 0.9252497416465725 0.04409231829142267 0.0347915949018257
0 0.7168446434722701 0.9727867723045126 0.050292800551153975 0.02686875645883569
0 0.7213227695487426 0.9462624870823286 0.03685842232173613 0.026179813985532208
0 0.7120220461591457 0.9297278677230452 0.04271443334481571 0.019979331725800895
0 0.7068549776093697 0.9145711333103685 0.043403375818119184 0.01619014812263176
0 0.702376851532897 0.9045814674474681 0.045125732001377886 0.014123320702721322
0 0.7037547364795039 0.8976920427144334 0.03892524974164657 0.006544953496383052
0 0.7826386496727523 0.9307612814330003 0.09059593523940751 0.06923871856699966
0 0.7709266276265931 0.9149156045470204 0.09162934894936273 0.015501205649328281
0 0.7692042714433345 0.8973475714777817 0.0809507406131588 0.022390630382363073
0 0.8749569410954185 0.9231829142266621 0.07061660351360662 0.07578367206338271
0 0.8632449190492594 0.8987254564243886 0.06751636238374095 0.021012745435756115
0 0.9600413365483982 0.9586634516017912 0.03961419221495005 0.04030313468825353
0 0.9590079228384429 0.9297278677230452 0.03961419221495005 0.026524285222183946
0 0.956252152945229 0.9111264209438512 0.035825008611780916 0.022390630382363073
