0 0.7517146776406035 0.3047375160051216 0.029355281207133058 0.051765136272178526
0 0.6367626886145404 0.4591183464422901 0.03731138545953361 0.07243460764587525
0 0.8905349794238683 0.45710627400768244 0.03209876543209877 0.07298335467349552
0 0.867764060356653 0.5476495335650265 0.03264746227709191 0.07627583683921713
0 0.8030178326474623 0.5538686665447229 0.031001371742112482 0.06895920980428023
0 0.7421124828532236 0.5555149076275837 0.03209876543209877 0.06841046277665996
0 0.6795610425240055 0.5511249314066216 0.03292181069958848 0.07389793305286263
0 0.8315500685871057 0.5481982805926467 0.037037037037037035 0.07536125845985
0 0.7739368998628258 0.5544174135723432 0.030727023319615913 0.06950795683190049
0 0.7294924554183814 0.5533199195171026 0.013991769547325103 0.07078836656301445
0 0.18299039780521262 0.6541064569233583 0.03209876543209877 0.0907261752332175
0 0.5212620027434842 0.31498079385403327 0.023868312757201648 0.04079019571977319
0 0.5470507544581619 0.31498079385403327 0.023319615912208505 0.04115602707152003
0 0.5654320987654321 0.3094933235778306 0.012345679012345678 0.04700932869946955
0 0.578875171467764 0.3029083592463874 0.029080932784636488 0.05267971465154564
0 0.6071330589849109 0.30418876897750136 0.027160493827160494 0.0515822205963051
0 0.6342935528120713 0.3051033473568685 0.027160493827160494 0.050667642216937994
0 0.6617283950617284 0.3058350100603622 0.028257887517146776 0.049570148161697455
0 0.6902606310013717 0.3082129138467167 0.024691358024691357 0.0466434973477227
0 0.7410150891632373 0.307481251143223 0.011248285322359396 0.04810682275471008
0 0.7835390946502058 0.31132248033656484 0.015637860082304528 0.04408267788549479
0 0.7978052126200275 0.307481251143223 0.02962962962962963 0.04902140113407719
0 0.8496570644718793 0.3111395646606914 0.023593964334705075 0.04444850923724163
0 0.8855967078189301 0.3903420523138833 0.030727023319615913 0.04646058167184928
0 0.856241426611797 0.3886958112310225 0.028257887517146776 0.047923907078836654
0 0.827434842249657 0.38832997987927564 0.02853223593964335 0.04883848545820377
0 0.801920438957476 0.3905249679897567 0.02606310013717421 0.04646058167184928
0 0.7747599451303155 0.3901591366380099 0.027434842249657063 0.04682641302359612
0 0.7467764060356653 0.3890616425827693 0.02661179698216735 0.04883848545820377
0 0.7344307270233196 0.38979330528626305 0.012071330589849109 0.04755807572708981
0 0.6897119341563785 0.39326870312785805 0.02551440329218107 0.04408267788549479
0 0.6510288065843621 0.37351381013352847 0.027160493827160494 0.03164441192610207
0 0.6537722908093279 0.40479239070788364 0.026886145404663924 0.032376074629595755
0 0.5939643347050755 0.3702213279678068 0.02880658436213992 0.06731296872141943
0 0.5657064471879286 0.3656484360709713 0.029080932784636488 0.07225169197000184
0 0.5363511659807956 0.366380098774465 0.029355281207133058 0.07078836656301445
0 0.5080932784636488 0.36692884580208524 0.029080932784636488 0.07078836656301445
0 0.4820301783264746 0.3667459301262118 0.025788751714677642 0.07042253521126761
0 0.438957475994513 0.3674775928297055 0.03292181069958848 0.06969087250777392
0 0.41097393689986284 0.3665630144503384 0.027983539094650206 0.06969087250777392
0 0.37695473251028805 0.3654655203950979 0.03347050754458162 0.07243460764587525
0 0.34622770919067214 0.3649167733674776 0.03292181069958848 0.07371501737698921
0 0.31550068587105623 0.3665630144503384 0.03209876543209877 0.07353210170111578
0 0.28203017832647465 0.36601426742271814 0.03264746227709191 0.07353210170111578
0 0.25020576131687244 0.3691238339125663 0.014814814814814815 0.06731296872141943
0 0.22194787379972566 0.3649167733674776 0.027160493827160494 0.07408084872873605
0 0.19204389574759945 0.3665630144503384 0.030452674897119343 0.07316627034936894
0 0.16296296296296298 0.36473385769160416 0.02661179698216735 0.07243460764587525
0 0.13113854595336077 0.36601426742271814 0.0299039780521262 0.07316627034936894
0 0.10013717421124829 0.36473385769160416 0.02880658436213992 0.07517834278397659
0 0.06995884773662552 0.3652826047192244 0.026886145404663924 0.07371501737698921
0 0.0392318244170096 0.3649167733674776 0.028257887517146776 0.07462959575635632
0 0.0924554183813443 0.4902140113407719 0.022222222222222223 0.02871776111212731
0 0.15939643347050755 0.45619169562831535 0.027983539094650206 0.0720687762941284
0 0.18436213991769548 0.4567404426559356 0.022496570644718793 0.0720687762941284
0 0.20274348422496571 0.4543625388695811 0.029355281207133058 0.0744466800804829
0 0.2364883401920439 0.45600877995244193 0.029080932784636488 0.07225169197000184
0 0.2795610425240055 0.45491128589720137 0.011248285322359396 0.07353210170111578
0 0.29218106995884774 0.4558258642765685 0.024691358024691357 0.07243460764587525
0 0.31522633744855966 0.4647887323943662 0.029080932784636488 0.06402048655569782
0 0.34458161865569276 0.4647887323943662 0.030727023319615913 0.06328882385220413
0 0.37256515775034293 0.4660691421254802 0.02962962962962963 0.0621913297969636
0 0.40137174211248283 0.46552039509785986 0.031001371742112482 0.06566672763855863
0 0.43319615912208503 0.45728918968355586 0.025788751714677642 0.07188586061825498
0 0.45733882030178324 0.4580208523870496 0.02853223593964335 0.07170294494238157
0 0.5187928669410151 0.4574721053594293 0.02880658436213992 0.07298335467349552
0 0.5478737997256515 0.4576550210353027 0.03374485596707819 0.07371501737698921
0 0.5783264746227709 0.46350832266325226 0.02880658436213992 0.06767880007316628
0 0.6071330589849109 0.4638741540149991 0.031275720164609055 0.06694713736967257
0 0.6699588477366255 0.461679165904518 0.031275720164609055 0.07133711359063472
0 0.7037037037037037 0.4600329248216572 0.014266117969821674 0.07060545088714103
0 0.7336076817558299 0.4613133345527712 0.029080932784636488 0.06767880007316628
0 0.761042524005487 0.46039875617340403 0.025788751714677642 0.06914212548015365
0 0.7860082304526749 0.46113041887689776 0.03292181069958848 0.06804463142491311
0 0.817283950617284 0.4624108286080117 0.03292181069958848 0.06603255899030547
0 0.8488340192043896 0.4598500091457838 0.0411522633744856 0.07060545088714103
0 0.6537722908093279 0.5525882568136089 0.02633744855967078 0.07060545088714103
0 0.623593964334705 0.5520395097859887 0.032373113854595334 0.07078836656301445
0 0.5689986282578875 0.5481982805926467 0.03731138545953361 0.07389793305286263
0 0.5004115226337449 0.5471007865374062 0.03621399176954732 0.0777391622462045
0 0.46392318244170094 0.5449057984269252 0.032373113854595334 0.07901957197731846
0 0.4312757201646091 0.5436253886958112 0.03374485596707819 0.07810499359795134
0 0.4002743484224966 0.5460032924821657 0.03017832647462277 0.07627583683921713
0 0.3651577503429355 0.5690506676422169 0.033196159122085046 0.051765136272178526
0 0.2381344307270233 0.5399670751783427 0.024691358024691357 0.08194622279129321
0 0.21618655692729766 0.5399670751783427 0.02962962962962963 0.08249496981891348
0 0.16872427983539096 0.5926467898298884 0.049657064471879286 0.029266508139747575
0 0.12126200274348423 0.5628315346625206 0.047736625514403296 0.029449423815621
0 0.12263374485596708 0.5906347173952807 0.04663923182441701 0.029632339491494422
0 0.05541838134430727 0.5622827876349004 0.05596707818930041 0.03347356868483629
0 0.056790123456790124 0.5910005487470276 0.05953360768175583 0.030912749222608376
0 0.8831275720164609 0.6539235412474849 0.04334705075445816 0.09346991037131883
0 0.8537722908093278 0.6586793488201939 0.030727023319615913 0.0850557892811414
0 0.8117969821673525 0.641851106639839 0.04609053497942387 0.1022498628132431
0 0.7344307270233196 0.6550210353027255 0.04005486968449931 0.0892628498262301
0 0.6927297668038409 0.6537406255716115 0.027983539094650206 0.09036034388147064
0 0.6521262002743484 0.6473385769160417 0.04252400548696845 0.0973111395646607
0 0.6098765432098765 0.6489848179989025 0.044444444444444446 0.09566489848179989
0 0.4861454046639232 0.6462410828608012 0.04691358024691358 0.10115236875800256
0 0.40219478737997255 0.66434973477227 0.040329218106995884 0.08194622279129321
0 0.28559670781893004 0.6577647704408268 0.03895747599451303 0.08981159685385037
0 0.244718792866941 0.6575818547649533 0.023868312757201648 0.08633619901225535
0 0.21207133058984912 0.6590451801719407 0.04224965706447188 0.08414121090177429
0 0.15006858710562415 0.6584964331443205 0.03813443072702332 0.08725077739162246
0 0.10205761316872428 0.6588622644960673 0.045541838134430725 0.08651911468812877
0 0.846639231824417 0.3546734955185659 0.04334705075445816 0.01006036217303823
0 0.7665294924554183 0.3535760014633254 0.04197530864197531 0.012621181635266142
0 0.7344307270233196 0.35412474849094566 0.027709190672153636 0.011523687580025609
0 0.6216735253772291 0.35522224254618623 0.040329218106995884 0.011340771904152187
0 0.5407407407407407 0.3550393268703128 0.0411522633744856 0.011889518931772453
0 0.49218106995884775 0.3561368209255533 0.04060356652949246 0.01006036217303823
0 0.398079561042524 0.3559539052496799 0.038408779149519894 0.010426193524785073
0 0.3465020576131687 0.35412474849094566 0.048559670781893 0.011889518931772453
0 0.2773662551440329 0.3535760014633254 0.048285322359396435 0.013718675690506676
0 0.23566529492455418 0.35540515822205965 0.02606310013717421 0.010792024876531919
0 0.19670781893004116 0.3561368209255533 0.03868312757201646 0.01006036217303823
0 0.11550068587105625 0.3550393268703128 0.038408779149519894 0.010792024876531919
0 0.06748971193415639 0.43497347722699836 0.04636488340192044 0.0139015913663801
0 0.13141289437585735 0.43588805560636545 0.0458161865569273 0.01316992866288641
0 0.2260631001371742 0.4364368026339857 0.03895747599451303 0.013352844338759832
0 0.2814814814814815 0.4362538869581123 0.022496570644718793 0.012621181635266142
0 0.30480109739369 0.43588805560636545 0.031824417009602195 0.013352844338759832
0 0.38765432098765434 0.4353393085787452 0.029355281207133058 0.014450338394000365
0 0.5412894375857339 0.4375342966892263 0.04636488340192044 0.01243826595939272
0 0.6104252400548696 0.43588805560636545 0.031001371742112482 0.0139015913663801
0 0.6622770919067216 0.43661971830985913 0.03264746227709191 0.01170660325589903
0 0.7371742112482853 0.43661971830985913 0.036488340192043896 0.012072434607645875
0 0.7733882030178326 0.43716846533747944 0.05761316872427984 0.011157856228278763
0 0.44170096021947874 0.6467898298884215 0.044993141289437585 0.1038961038961039
0 0.846639231824417 0.4360709712822389 0.0411522633744856 0.012072434607645875
0 0.07050754458161866 0.5282604719224437 0.038408779149519894 0.013352844338759832
0 0.10672153635116598 0.5278946405706969 0.04060356652949246 0.014084507042253521
0 0.22770919067215364 0.5277117248948235 0.03209876543209877 0.013352844338759832
0 0.30781893004115224 0.5271629778672032 0.0458161865569273 0.014450338394000365
0 0.40795610425240053 0.5267971465154564 0.03292181069958848 0.014816169745747211
0 0.45377229080932785 0.5269800621913298 0.048559670781893 0.015913663800987746
0 0.6074074074074074 0.5273458935430766 0.0438957475994513 0.015182001097494055
0 0.6502057613168725 0.5278946405706969 0.04197530864197531 0.014816169745747211
0 0.7766803840877915 0.5282604719224437 0.040877914951989024 0.012804097311139564
0 0.8540466392318244 0.5291750503018109 0.037037037037037035 0.012804097311139564
0 0.8897119341563786 0.5277117248948235 0.04060356652949246 0.014084507042253521
0 0.8622770919067215 0.6213645509420157 0.0532235939643347 0.013352844338759832
0 0.8161865569272977 0.6213645509420157 0.02853223593964335 0.014633254069873787
0 0.731687242798354 0.620632888238522 0.0392318244170096 0.015182001097494055
0 0.6628257887517147 0.621913297969636 0.04142661179698217 0.014450338394000365
0 0.6211248285322359 0.6209987195902689 0.04252400548696845 0.014999085421620633
0 0.4268861454046639 0.619352478507408 0.043072702331961595 0.016828242180354856
0 0.14513031550068586 0.7576367294677154 0.0411522633744856 0.0139015913663801
0 0.2831275720164609 0.7558075727089811 0.02112482853223594 0.017011157856228278
0 0.302880658436214 0.7550759100054875 0.04691358024691358 0.017011157856228278
0 0.35555555555555557 0.7545271629778671 0.04279835390946502 0.016462410828608012
0 0.04663923182441701 0.3118712273641851 0.02551440329218107 0.03950978598865923
0 0.07736625514403292 0.31132248033656484 0.02496570644718793 0.04060728004389976
0 0.10480109739369 0.310956648984818 0.02551440329218107 0.04133894274739345
0 0.13278463648834019 0.31132248033656484 0.022770919067215362 0.04225352112676056
0 0.15747599451303154 0.3126028900676788 0.02551440329218107 0.04188768977501372
0 0.18518518518518517 0.3155295408816536 0.022770919067215362 0.04005853301627949
0 0.2123456790123457 0.3166270349368941 0.0 0.0
0 0.21069958847736625 0.3166270349368941 0.018930041152263374 0.038595207609292116
0 0.2310013717421125 0.31479787817815985 0.02606310013717421 0.03969270166453265
0 0.2825788751714678 0.307481251143223 0.029355281207133058 0.04737516005121639
0 0.31522633744855966 0.309676239253704 0.019478737997256516 0.04536308761660875
0 0.33689986282578877 0.3142491311505396 0.023593964334705075 0.04079019571977319
0 0.3643347050754458 0.317907444668008 0.024417009602194787 0.037680629229925
0 0.39012345679012345 0.31735869764038777 0.02167352537722908 0.039143954636912386
0 0.4727023319615912 0.3168099506127675 0.02496570644718793 0.03822937625754527
0 0.4120713305898491 0.314432046826413 0.02606310013717421 0.04170477409914029
0 0.4433470507544582 0.314432046826413 0.027434842249657063 0.04060728004389976
0 0.4927297668038409 0.456923358331809 0.027709190672153636 0.07316627034936894
0 0.3358024691358025 0.4364368026339857 0.0392318244170096 0.014084507042253521
0 0.312482853223594 0.620632888238522 0.05761316872427984 0.015182001097494055
0 0.15994513031550067 0.6228278763490032 0.040329218106995884 0.012804097311139564
0 0.20329218106995886 0.6208158039143955 0.03429355281207133 0.014267422718126943
0 0.41920438957476 0.7536125845985001 0.027160493827160494 0.01774282055972197
0 0.46282578875171465 0.7543442473019938 0.04938271604938271 0.0171940735321017
0 0.5849108367626886 0.753978415950247 0.03374485596707819 0.01774282055972197
0 0.6995884773662552 0.7537955002743735 0.048285322359396435 0.0188403146149625
0 0.7591220850480109 0.7545271629778671 0.024417009602194787 0.01627949515273459
0 0.8131687242798354 0.7537955002743735 0.03539094650205761 0.01627949515273459
0 0.8746227709190673 0.7554417413572343 0.043621399176954734 0.014450338394000365
0 0.9179698216735254 0.7558075727089811 0.035116598079561044 0.014633254069873787
0 0.8998628257887518 0.5492957746478874 0.03209876543209877 0.07298335467349552
0 0.3311385459533608 0.5708798244009512 0.03676268861454047 0.0515822205963051
0 0.30315500685871055 0.5401499908542162 0.028257887517146776 0.08340954819828059
0 0.27901234567901234 0.5396012438265959 0.024691358024691357 0.08359246387415402
0 0.568724279835391 0.6497164807023962 0.044444444444444446 0.09639656118529358
0 0.528395061728395 0.6484360709712822 0.04142661179698217 0.09859154929577464
0 0.3626886145404664 0.6621547466617889 0.0458161865569273 0.08578745198463508
0 0.05569272976680384 0.653557709895738 0.04636488340192044 0.0940186573989391
0 0.4540466392318244 0.4364368026339857 0.03484224965706447 0.012804097311139564
0 0.693278463648834 0.4360709712822389 0.022496570644718793 0.012804097311139564
0 0.7698216735253772 0.621913297969636 0.040877914951989024 0.014267422718126943
0 0.28093278463648835 0.6213645509420157 0.032373113854595334 0.014084507042253521
0 0.23950617283950618 0.6213645509420157 0.024417009602194787 0.014450338394000365
0 0.32400548696844994 0.658313517468447 0.03758573388203018 0.08907993415035668
0 0.5341563786008231 0.5472837022132797 0.0345679012345679 0.07627583683921713
0 0.7722908093278463 0.6497164807023962 0.04279835390946502 0.09365282604719224
0 0.6691358024691358 0.35558807389793307 0.04224965706447188 0.010792024876531919
0 0.9753086419753086 0.4697274556429486 0.018381344307270234 0.03511980976769709
0 0.13058984910836763 0.48948234863727824 0.023868312757201648 0.02414486921529175
0 0.6227709190672154 0.3702213279678068 0.033196159122085046 0.067130053045546
0 0.8252400548696845 0.30802999817084326 0.024691358024691357 0.04865556978233035
