0 0.4056652806652807 0.24511434511434513 0.005457380457380458 0.024116424116424118
0 0.41294178794178793 0.24532224532224534 0.0031185031185031187 0.023284823284823286
0 0.48882536382536385 0.24594594594594596 0.004158004158004158 0.023284823284823286
0 0.4981808731808732 0.2467775467775468 0.016112266112266113 0.032432432432432434
0 0.5158523908523909 0.2471933471933472 0.014553014553014554 0.032224532224532226
0 0.5317047817047817 0.24760914760914762 0.016112266112266113 0.0316008316008316
0 0.5550935550935551 0.24906444906444908 0.016112266112266113 0.030353430353430355
0 0.5717255717255717 0.24906444906444908 0.017931392931392932 0.02993762993762994
0 0.5901767151767152 0.2494802494802495 0.011174636174636175 0.02972972972972973
0 0.6190228690228691 0.2494802494802495 0.004158004158004158 0.030145530145530147
0 0.6237006237006237 0.2496881496881497 0.017411642411642413 0.030145530145530147
0 0.6421517671517671 0.2496881496881497 0.016372141372141373 0.030353430353430355
0 0.6595634095634095 0.2498960498960499 0.016891891891891893 0.02993762993762994
0 0.6798336798336798 0.2496881496881497 0.017151767151767153 0.030561330561330563
0 0.7053014553014553 0.24781704781704783 0.017931392931392932 0.03180873180873181
0 0.7237525987525988 0.24760914760914762 0.018191268191268192 0.032224532224532226
0 0.7484407484407485 0.21683991683991685 0.033264033264033266 0.06278586278586279
0 0.7824844074844075 0.21704781704781706 0.031185031185031187 0.06340956340956341
0 0.8370582120582121 0.24864864864864866 0.008835758835758836 0.032224532224532226
0 0.9241164241164241 0.24885654885654887 0.016372141372141373 0.03180873180873181
0 0.9417879417879418 0.24885654885654887 0.01949064449064449 0.0316008316008316
0 0.9628378378378378 0.21995841995841997 0.033523908523908526 0.029521829521829523
0 0.96491683991684 0.2498960498960499 0.033783783783783786 0.03076923076923077
0 0.40592515592515593 0.3079002079002079 0.006756756756756757 0.01101871101871102
0 0.413981288981289 0.3081081081081081 0.016372141372141373 0.012681912681912683
0 0.4061850311850312 0.3191268191268191 0.005717255717255718 0.023284823284823286
0 0.4126819126819127 0.31891891891891894 0.015592515592515593 0.023700623700623702
0 0.4287941787941788 0.31954261954261953 0.015852390852390853 0.02286902286902287
0 0.44490644490644493 0.31933471933471935 0.016372141372141373 0.023492723492723494
0 0.433991683991684 0.3083160083160083 0.01949064449064449 0.011226611226611227
0 0.4534823284823285 0.3087318087318087 0.015592515592515593 0.011850311850311851
0 0.461018711018711 0.31933471933471935 0.015592515592515593 0.023492723492723494
0 0.4766112266112266 0.31891891891891894 0.016632016632016633 0.024116424116424118
0 0.5031185031185031 0.32037422037422036 0.016632016632016633 0.03264033264033264
0 0.5197505197505198 0.3205821205821206 0.017411642411642413 0.032432432432432434
0 0.5400207900207901 0.32037422037422036 0.017151767151767153 0.03305613305613306
0 0.5605509355509356 0.3207900207900208 0.018451143451143452 0.03264033264033264
0 0.58004158004158 0.320997920997921 0.018451143451143452 0.03284823284823285
0 0.5597713097713097 0.29085239085239084 0.017931392931392932 0.03492723492723493
0 0.5774428274428275 0.29272349272349274 0.016632016632016633 0.028690228690228692
0 0.5940748440748441 0.29313929313929316 0.007536382536382537 0.03076923076923077
0 0.6190228690228691 0.29313929313929316 0.010395010395010396 0.03201663201663202
0 0.6301975051975052 0.29313929313929316 0.018451143451143452 0.032224532224532226
0 0.6486486486486487 0.2929313929313929 0.017671517671517672 0.033264033264033266
0 0.6660602910602911 0.2914760914760915 0.018191268191268192 0.033471933471933474
0 0.6842515592515592 0.2916839916839917 0.017931392931392932 0.03305613305613306
0 0.7019230769230769 0.2891891891891892 0.018451143451143452 0.03513513513513514
0 0.7201143451143451 0.2891891891891892 0.017931392931392932 0.03388773388773389
0 0.5982328482328483 0.32474012474012476 0.0036382536382536385 0.029106029106029108
0 0.6192827442827443 0.3251559251559252 0.011694386694386695 0.028482328482328484
0 0.6307172557172557 0.3226611226611227 0.018970893970893972 0.031185031185031187
0 0.6494282744282744 0.3232848232848233 0.017931392931392932 0.030561330561330563
0 0.6670997920997921 0.3226611226611227 0.018191268191268192 0.0316008316008316
0 0.685031185031185 0.32141372141372143 0.018191268191268192 0.03305613305613306
0 0.702962577962578 0.3212058212058212 0.018191268191268192 0.033264033264033266
0 0.7208939708939709 0.320997920997921 0.018191268191268192 0.033471933471933474
0 0.7424636174636174 0.29563409563409565 0.034563409563409565 0.05841995841995842
0 0.7775467775467776 0.29064449064449066 0.034823284823284825 0.06382536382536383
0 0.7531185031185031 0.2835758835758836 0.036902286902286904 0.019334719334719336
0 0.9417879417879418 0.3234927234927235 0.007796257796257797 0.03097713097713098
0 0.9493243243243243 0.32785862785862785 0.02286902286902287 0.026403326403326405
0 0.9417879417879418 0.29854469854469856 0.028846153846153848 0.029313929313929316
0 0.9747920997920998 0.30374220374220373 0.02494802494802495 0.020374220374220375
0 0.9721933471933472 0.3239085239085239 0.02754677754677755 0.030561330561330563
0 0.9436070686070686 0.36174636174636177 0.016112266112266113 0.032432432432432434
0 0.9594594594594594 0.36153846153846153 0.017151767151767153 0.03284823284823285
0 0.9763513513513513 0.36133056133056135 0.016112266112266113 0.03305613305613306
0 0.9922037422037422 0.37276507276507276 0.007536382536382537 0.014137214137214138
0 0.9924636174636174 0.3869022869022869 0.007276507276507277 0.013097713097713098
0 0.9924636174636174 0.4 0.007276507276507277 0.013513513513513514
0 0.9922037422037422 0.4135135135135135 0.007536382536382537 0.01392931392931393
0 0.8380977130977131 0.3987525987525988 0.014553014553014554 0.028274428274428276
0 0.8523908523908524 0.41933471933471933 0.018970893970893972 0.007484407484407485
0 0.872920997920998 0.41912681912681915 0.016112266112266113 0.007692307692307693
0 0.8911122661122661 0.41871101871101873 0.02053014553014553 0.008108108108108109
0 0.9116424116424117 0.41871101871101873 0.015852390852390853 0.008108108108108109
0 0.9274948024948025 0.4185031185031185 0.014553014553014554 0.008316008316008316
0 0.9436070686070686 0.3941787941787942 0.017671517671517672 0.03284823284823285
0 0.9610187110187111 0.3941787941787942 0.016891891891891893 0.033471933471933474
0 0.9773908523908524 0.39397089397089397 0.016372141372141373 0.03367983367983368
0 0.40540540540540543 0.39147609147609147 0.007016632016632017 0.034303534303534305
0 0.41216216216216217 0.39106029106029105 0.017151767151767153 0.03451143451143451
0 0.42905405405405406 0.39313929313929313 0.015332640332640333 0.032224532224532226
0 0.4451663201663202 0.3920997920997921 0.017671517671517672 0.033471933471933474
0 0.4625779625779626 0.3923076923076923 0.017151767151767153 0.033264033264033266
0 0.46283783783783783 0.3920997920997921 0.016891891891891893 0.024116424116424118
0 0.47946985446985446 0.39397089397089397 0.017151767151767153 0.02203742203742204
0 0.5033783783783784 0.39334719334719337 0.017411642411642413 0.022661122661122662
0 0.5205301455301455 0.39397089397089397 0.016891891891891893 0.02203742203742204
0 0.5423596673596673 0.3927234927234927 0.017671517671517672 0.023700623700623702
0 0.5628898128898129 0.39397089397089397 0.018451143451143452 0.03305613305613306
0 0.581081081081081 0.39604989604989604 0.012733887733887735 0.030561330561330563
0 0.5935550935550935 0.3970893970893971 0.006237006237006237 0.029313929313929316
0 0.5550935550935551 0.36694386694386694 0.017931392931392932 0.02702702702702703
0 0.5727650727650727 0.36715176715176717 0.017411642411642413 0.0288981288981289
0 0.58991683991684 0.37276507276507276 0.012214137214137215 0.02474012474012474
0 0.6257796257796258 0.377962577962578 0.018191268191268192 0.02182952182952183
0 0.645010395010395 0.377962577962578 0.017671517671517672 0.021205821205821207
0 0.6624220374220374 0.3665280665280665 0.017671517671517672 0.032224532224532226
0 0.6798336798336798 0.3627858627858628 0.02001039501039501 0.03575883575883576
0 0.7014033264033264 0.36174636174636177 0.018711018711018712 0.03451143451143451
0 0.7198544698544699 0.36237006237006236 0.018191268191268192 0.03388773388773389
0 0.7377858627858628 0.38066528066528066 0.01949064449064449 0.016632016632016633
0 0.757016632016632 0.3810810810810811 0.016891891891891893 0.01600831600831601
0 0.7739085239085239 0.3810810810810811 0.019230769230769232 0.0158004158004158
0 0.7931392931392931 0.3945945945945946 0.018451143451143452 0.032224532224532226
0 0.8113305613305614 0.39896049896049895 0.004677754677754678 0.027650727650727652
0 0.7746881496881497 0.39501039501039503 0.018451143451143452 0.03180873180873181
0 0.757016632016632 0.3945945945945946 0.017671517671517672 0.032224532224532226
0 0.7385654885654885 0.3943866943866944 0.018191268191268192 0.032432432432432434
0 0.7211538461538461 0.3941787941787942 0.017411642411642413 0.03284823284823285
0 0.7027027027027027 0.3941787941787942 0.018451143451143452 0.03264033264033264
0 0.6798336798336798 0.39397089397089397 0.02234927234927235 0.03305613305613306
0 0.6613825363825364 0.3945945945945946 0.018191268191268192 0.032224532224532226
0 0.6447505197505198 0.39604989604989604 0.016632016632016633 0.03076923076923077
0 0.626039501039501 0.39604989604989604 0.018451143451143452 0.03076923076923077
0 0.8380977130977131 0.4372141372141372 0.011954261954261955 0.02972972972972973
0 0.8497920997920998 0.44054054054054054 0.008835758835758836 0.019126819126819128
0 0.8487525987525988 0.4594594594594595 0.029885654885654887 0.00997920997920998
0 0.8583679833679834 0.4521829521829522 0.015852390852390853 0.007484407484407485
0 0.8737006237006237 0.451975051975052 0.016632016632016633 0.014553014553014554
0 0.8380977130977131 0.46673596673596673 0.015852390852390853 0.03201663201663202
0 0.8542099792099792 0.46652806652806655 0.015852390852390853 0.03201663201663202
0 0.8698024948024948 0.4673596673596674 0.010395010395010396 0.03097713097713098
0 0.8799376299376299 0.46673596673596673 0.014812889812889814 0.0316008316008316
0 0.8973492723492723 0.46694386694386697 0.016891891891891893 0.03180873180873181
0 0.9139812889812889 0.46673596673596673 0.017151767151767153 0.03201663201663202
0 0.9308731808731808 0.4673596673596674 0.015072765072765074 0.031185031185031187
0 0.9459459459459459 0.4673596673596674 0.016112266112266113 0.031392931392931395
0 0.9617983367983368 0.4856548856548857 0.02053014553014553 0.01392931392931393
0 0.9820686070686071 0.4856548856548857 0.017931392931392932 0.01392931392931393
0 0.9617983367983368 0.4723492723492724 0.02027027027027027 0.013305613305613306
0 0.9820686070686071 0.4723492723492724 0.017671517671517672 0.013305613305613306
0 0.9558212058212058 0.45904365904365907 0.02624740124740125 0.013305613305613306
0 0.9820686070686071 0.45904365904365907 0.017931392931392932 0.013305613305613306
0 0.9576403326403327 0.44573804573804576 0.02442827442827443 0.013305613305613306
0 0.9820686070686071 0.4455301455301455 0.017671517671517672 0.013513513513513514
0 0.40592515592515593 0.45363825363825366 0.009355509355509356 0.012474012474012475
0 0.4056652806652807 0.4659043659043659 0.007276507276507277 0.02390852390852391
0 0.41294178794178793 0.4654885654885655 0.017671517671517672 0.024324324324324326
0 0.4228170478170478 0.4550935550935551 0.016632016632016633 0.014137214137214138
0 0.4303534303534304 0.4654885654885655 0.017931392931392932 0.024324324324324326
0 0.448024948024948 0.46611226611226614 0.015072765072765074 0.023492723492723494
0 0.4638773388773389 0.4663201663201663 0.015592515592515593 0.023076923076923078
0 0.47946985446985446 0.46611226611226614 0.015852390852390853 0.023284823284823286
0 0.4968814968814969 0.46715176715176715 0.015592515592515593 0.022661122661122662
0 0.5122141372141372 0.46694386694386697 0.016891891891891893 0.03305613305613306
0 0.5288461538461539 0.46694386694386697 0.017151767151767153 0.03284823284823285
0 0.545997920997921 0.46673596673596673 0.016372141372141373 0.03284823284823285
0 0.5608108108108109 0.4388773388773389 0.018451143451143452 0.03076923076923077
0 0.5792619542619543 0.4386694386694387 0.017411642411642413 0.03097713097713098
0 0.5964137214137214 0.4386694386694387 0.006496881496881497 0.03097713097713098
0 0.5621101871101871 0.46694386694386697 0.017931392931392932 0.03264033264033264
0 0.5797817047817048 0.46673596673596673 0.017931392931392932 0.03388773388773389
0 0.5974532224532224 0.46964656964656964 0.005717255717255718 0.031185031185031187
0 0.40592515592515593 0.5395010395010394 0.008056133056133057 0.02474012474012474
0 0.41372141372141374 0.5397089397089397 0.016891891891891893 0.024324324324324326
0 0.4303534303534304 0.5395010395010394 0.016632016632016633 0.024324324324324326
0 0.446985446985447 0.5397089397089397 0.016632016632016633 0.02390852390852391
0 0.46335758835758833 0.5392931392931393 0.016372141372141373 0.024116424116424118
0 0.47946985446985446 0.5392931392931393 0.017151767151767153 0.024116424116424118
0 0.49636174636174635 0.5424116424116424 0.015852390852390853 0.03180873180873181
0 0.5046777546777547 0.530977130977131 0.017411642411642413 0.013305613305613306
0 0.5218295218295218 0.5280665280665281 0.018970893970893972 0.018503118503118504
0 0.5408004158004158 0.5303534303534303 0.017671517671517672 0.014345114345114346
0 0.5582120582120582 0.5303534303534303 0.014553014553014554 0.013513513513513514
0 0.5675675675675675 0.5274428274428274 0.02442827442827443 0.01891891891891892
0 0.5906964656964657 0.5303534303534303 0.012474012474012475 0.014137214137214138
0 0.511954261954262 0.5426195426195426 0.018711018711018712 0.0316008316008316
0 0.5304054054054054 0.5426195426195426 0.018191268191268192 0.031392931392931395
0 0.5483367983367984 0.5415800415800416 0.01949064449064449 0.032224532224532226
0 0.5675675675675675 0.5413721413721414 0.017411642411642413 0.03284823284823285
0 0.5849792099792099 0.5415800415800416 0.017671517671517672 0.03264033264033264
0 0.6107068607068608 0.5303534303534303 0.017411642411642413 0.014553014553014554
0 0.6200623700623701 0.5415800415800416 0.017411642411642413 0.028690228690228692
0 0.6372141372141372 0.5417879417879418 0.017671517671517672 0.03284823284823285
0 0.6548856548856549 0.5434511434511434 0.015592515592515593 0.03097713097713098
0 0.6702182952182952 0.5417879417879418 0.01975051975051975 0.03264033264033264
0 0.689968814968815 0.5413721413721414 0.017931392931392932 0.03305613305613306
0 0.7076403326403327 0.5407484407484408 0.017671517671517672 0.033471933471933474
0 0.725051975051975 0.5405405405405406 0.017411642411642413 0.033471933471933474
0 0.7422037422037422 0.5413721413721414 0.017671517671517672 0.032432432432432434
0 0.7598752598752598 0.5411642411642411 0.018191268191268192 0.03264033264033264
0 0.7780665280665281 0.5413721413721414 0.017931392931392932 0.032432432432432434
0 0.795997920997921 0.5413721413721414 0.018711018711018712 0.03264033264033264
0 0.7068607068607069 0.5091476091476091 0.018451143451143452 0.033264033264033266
0 0.7260914760914761 0.5085239085239085 0.017931392931392932 0.033471933471933474
0 0.8942307692307693 0.4604989604989605 0.038201663201663204 0.007276507276507277
0 0.6198024948024948 0.44282744282744285 0.011434511434511435 0.02702702702702703
0 0.6314968814968815 0.4361746361746362 0.018191268191268192 0.03388773388773389
0 0.6496881496881497 0.4376299376299376 0.016632016632016633 0.03367983367983368
0 0.6660602910602911 0.43783783783783786 0.017671517671517672 0.033264033264033266
0 0.6834719334719335 0.4363825363825364 0.018191268191268192 0.03471933471933472
0 0.7032224532224532 0.43596673596673596 0.018451143451143452 0.033471933471933474
0 0.7214137214137214 0.4494802494802495 0.017671517671517672 0.01995841995841996
0 0.6203222453222453 0.4673596673596674 0.012474012474012475 0.033264033264033266
0 0.6327962577962578 0.4673596673596674 0.017411642411642413 0.033264033264033266
0 0.649948024948025 0.4673596673596674 0.017931392931392932 0.03305613305613306
0 0.6678794178794178 0.46860706860706863 0.016891891891891893 0.03180873180873181
0 0.6845114345114345 0.4673596673596674 0.018191268191268192 0.03305613305613306
0 0.7024428274428275 0.4677754677754678 0.02053014553014553 0.03264033264033264
0 0.722972972972973 0.46756756756756757 0.017671517671517672 0.03284823284823285
0 0.7403846153846154 0.4681912681912682 0.01949064449064449 0.03264033264033264
0 0.7596153846153846 0.46860706860706863 0.017411642411642413 0.03201663201663202
0 0.777027027027027 0.4677754677754678 0.018711018711018712 0.03284823284823285
0 0.7954781704781705 0.467983367983368 0.018711018711018712 0.03264033264033264
0 0.7024428274428275 0.50997920997921 0.007276507276507277 0.033471933471933474
0 0.8386174636174636 0.5413721413721414 0.007536382536382537 0.03305613305613306
0 0.8458939708939709 0.5415800415800416 0.015852390852390853 0.03284823284823285
0 0.8786382536382537 0.5413721413721414 0.018191268191268192 0.03264033264033264
0 0.8965696465696466 0.5413721413721414 0.017151767151767153 0.032224532224532226
0 0.9134615384615384 0.5411642411642411 0.016891891891891893 0.032432432432432434
0 0.9300935550935551 0.5411642411642411 0.016632016632016633 0.032224532224532226
0 0.8788981288981289 0.518918918918919 0.018970893970893972 0.022453222453222454
0 0.8976091476091476 0.5087318087318087 0.016891891891891893 0.032432432432432434
0 0.9142411642411642 0.5085239085239085 0.016112266112266113 0.03264033264033264
0 0.9300935550935551 0.5083160083160083 0.017411642411642413 0.03284823284823285
0 0.9043659043659044 0.5735966735966735 0.02416839916839917 0.014553014553014554
0 0.9287941787941788 0.5721413721413722 0.02234927234927235 0.014760914760914762
0 0.9514033264033264 0.5723492723492724 0.02234927234927235 0.015384615384615385
0 0.9701143451143451 0.5725571725571725 0.02338877338877339 0.015384615384615385
0 0.9935031185031185 0.5725571725571725 0.006237006237006237 0.014553014553014554
0 0.9937629937629938 0.5869022869022869 0.0059771309771309775 0.014345114345114346
0 0.8388773388773388 0.5885654885654885 0.006237006237006237 0.01392931392931393
0 0.8391372141372141 0.6022869022869023 0.0059771309771309775 0.013721413721413722
0 0.8391372141372141 0.616008316008316 0.0059771309771309775 0.013305613305613306
0 0.8391372141372141 0.6293139293139293 0.007536382536382537 0.009771309771309772
0 0.8466735966735967 0.6291060291060291 0.02104989604989605 0.009563409563409564
0 0.8451143451143451 0.6151767151767151 0.02104989604989605 0.01392931392931393
0 0.8448544698544699 0.6014553014553015 0.02079002079002079 0.013721413721413722
0 0.8451143451143451 0.587941787941788 0.02001039501039501 0.013513513513513514
0 0.8648648648648649 0.5877338877338877 0.02130977130977131 0.013721413721413722
0 0.8653846153846154 0.6014553014553015 0.02130977130977131 0.013721413721413722
0 0.8661642411642412 0.6151767151767151 0.02130977130977131 0.014137214137214138
0 0.8674636174636174 0.6293139293139293 0.02130977130977131 0.009355509355509356
0 0.8887733887733887 0.6291060291060291 0.02027027027027027 0.009771309771309772
0 0.8892931392931392 0.6147609147609148 0.02001039501039501 0.01392931392931393
0 0.889033264033264 0.6012474012474013 0.01975051975051975 0.013513513513513514
0 0.8872141372141372 0.5875259875259875 0.02079002079002079 0.013721413721413722
0 0.909043659043659 0.6284823284823284 0.02027027027027027 0.00997920997920998
0 0.9293139293139293 0.6282744282744283 0.02130977130977131 0.010395010395010396
0 0.9506237006237006 0.6282744282744283 0.02130977130977131 0.010395010395010396
0 0.974012474012474 0.6284823284823284 0.02104989604989605 0.009771309771309772
0 0.9948024948024948 0.6284823284823284 0.004937629937629938 0.00997920997920998
0 0.9103430353430353 0.6143451143451143 0.02260914760914761 0.014137214137214138
0 0.9326923076923077 0.6143451143451143 0.02208939708939709 0.01392931392931393
0 0.9545218295218295 0.6143451143451143 0.02104989604989605 0.014345114345114346
0 0.9753118503118503 0.6145530145530146 0.02053014553014553 0.01392931392931393
0 0.9958419958419958 0.6145530145530146 0.0038981288981288983 0.013721413721413722
0 0.91008316008316 0.6008316008316008 0.02286902286902287 0.013513513513513514
0 0.9326923076923077 0.6006237006237006 0.02182952182952183 0.013721413721413722
0 0.9542619542619543 0.6006237006237006 0.02104989604989605 0.013721413721413722
0 0.975051975051975 0.6006237006237006 0.02053014553014553 0.01392931392931393
0 0.9955821205821206 0.6006237006237006 0.004417879417879418 0.013721413721413722
0 0.9113825363825364 0.5873180873180873 0.02182952182952183 0.013513513513513514
0 0.9332120582120582 0.5871101871101871 0.02079002079002079 0.013513513513513514
0 0.954002079002079 0.5869022869022869 0.01949064449064449 0.013721413721413722
0 0.9734927234927235 0.587941787941788 0.02027027027027027 0.012681912681912683
0 0.9493243243243243 0.5619542619542619 0.010914760914760915 0.010187110187110188
0 0.9566008316008316 0.5588357588357589 0.027806652806652808 0.013721413721413722
0 0.9844074844074844 0.5588357588357589 0.015332640332640333 0.013721413721413722
0 0.9464656964656964 0.5490644490644491 0.016372141372141373 0.01288981288981289
0 0.863045738045738 0.5442827442827443 0.011694386694386695 0.029313929313929316
0 0.9472453222453222 0.5357588357588358 0.014033264033264034 0.013305613305613306
0 0.9579002079002079 0.5453222453222453 0.02728690228690229 0.013513513513513514
0 0.9472453222453222 0.5218295218295218 0.014812889812889814 0.013721413721413722
0 0.9581600831600832 0.5313929313929314 0.02754677754677755 0.01392931392931393
0 0.9851871101871101 0.5451143451143451 0.014553014553014554 0.013513513513513514
0 0.9854469854469855 0.5313929313929314 0.014293139293139294 0.013721413721413722
0 0.9597193347193347 0.5176715176715176 0.02572765072765073 0.013721413721413722
0 0.9851871101871101 0.5174636174636175 0.014553014553014554 0.01392931392931393
0 0.4067047817047817 0.6305613305613306 0.012733887733887735 0.010395010395010396
0 0.4072245322245322 0.6164241164241164 0.010914760914760915 0.014137214137214138
0 0.40696465696465695 0.6024948024948025 0.011174636174636175 0.01392931392931393
0 0.4067047817047817 0.5891891891891892 0.011434511434511435 0.013305613305613306
0 0.41917879417879417 0.6305613305613306 0.02027027027027027 0.010395010395010396
0 0.41917879417879417 0.6164241164241164 0.02001039501039501 0.014137214137214138
0 0.41917879417879417 0.6027027027027027 0.02027027027027027 0.013721413721413722
0 0.41917879417879417 0.588981288981289 0.02053014553014553 0.013721413721413722
0 0.4407484407484408 0.6307692307692307 0.02001039501039501 0.009563409563409564
0 0.4397089397089397 0.6166320166320166 0.02156964656964657 0.013513513513513514
0 0.4402286902286902 0.6029106029106029 0.02156964656964657 0.013097713097713098
0 0.441008316008316 0.5891891891891892 0.01975051975051975 0.01288981288981289
0 0.46205821205821207 0.6305613305613306 0.018451143451143452 0.009563409563409564
0 0.48336798336798337 0.6305613305613306 0.018711018711018712 0.009563409563409564
0 0.5046777546777547 0.6305613305613306 0.01949064449064449 0.009563409563409564
0 0.5267671517671517 0.6305613305613306 0.018970893970893972 0.009563409563409564
0 0.5480769230769231 0.6305613305613306 0.01949064449064449 0.009355509355509356
0 0.5691268191268192 0.6305613305613306 0.018970893970893972 0.009147609147609148
0 0.5901767151767152 0.6305613305613306 0.012993762993762994 0.009147609147609148
0 0.4625779625779626 0.6164241164241164 0.02053014553014553 0.013513513513513514
0 0.4623180873180873 0.6022869022869023 0.02001039501039501 0.013097713097713098
0 0.46205821205821207 0.588981288981289 0.02053014553014553 0.012266112266112267
0 0.4836278586278586 0.6166320166320166 0.02079002079002079 0.013097713097713098
0 0.5049376299376299 0.6166320166320166 0.02130977130977131 0.013305613305613306
0 0.4836278586278586 0.6024948024948025 0.02053014553014553 0.013305613305613306
0 0.4838877338877339 0.5893970893970893 0.01949064449064449 0.012681912681912683
0 0.5054573804573804 0.6031185031185031 0.02053014553014553 0.012474012474012475
0 0.5049376299376299 0.5891891891891892 0.02027027027027027 0.01288981288981289
0 0.5275467775467776 0.6170478170478171 0.018191268191268192 0.013097713097713098
0 0.5272869022869023 0.6037422037422038 0.018191268191268192 0.012266112266112267
0 0.5267671517671517 0.59002079002079 0.018191268191268192 0.012681912681912683
0 0.5472972972972973 0.6166320166320166 0.02053014553014553 0.013721413721413722
0 0.5465176715176715 0.6031185031185031 0.02130977130977131 0.013513513513513514
0 0.545997920997921 0.5893970893970893 0.02079002079002079 0.013305613305613306
0 0.5683471933471933 0.6168399168399168 0.02053014553014553 0.013513513513513514
0 0.568087318087318 0.6033264033264033 0.02079002079002079 0.013513513513513514
0 0.5667879417879418 0.5893970893970893 0.02079002079002079 0.01392931392931393
0 0.5896569646569647 0.6164241164241164 0.013773388773388774 0.01392931392931393
0 0.5888773388773388 0.6031185031185031 0.014553014553014554 0.013305613305613306
0 0.5875779625779626 0.5885654885654885 0.016112266112266113 0.014345114345114346
0 0.6208419958419958 0.6297297297297297 0.010135135135135136 0.010395010395010396
0 0.6205821205821206 0.6162162162162163 0.010395010395010396 0.013721413721413722
0 0.6203222453222453 0.6029106029106029 0.010914760914760915 0.013305613305613306
0 0.6203222453222453 0.5885654885654885 0.009875259875259876 0.014345114345114346
0 0.6317567567567568 0.6297297297297297 0.02053014553014553 0.010395010395010396
0 0.6309771309771309 0.6162162162162163 0.02130977130977131 0.013513513513513514
0 0.6314968814968815 0.6029106029106029 0.02156964656964657 0.013305613305613306
0 0.6301975051975052 0.5885654885654885 0.02182952182952183 0.014345114345114346
0 0.652027027027027 0.6299376299376299 0.02234927234927235 0.010395010395010396
0 0.6535862785862786 0.6162162162162163 0.02130977130977131 0.015176715176715178
0 0.6538461538461539 0.6033264033264033 0.02053014553014553 0.014553014553014554
0 0.6522869022869023 0.5887733887733888 0.02208939708939709 0.014345114345114346
0 0.6746361746361746 0.6293139293139293 0.02104989604989605 0.01101871101871102
0 0.6964656964656964 0.6295218295218296 0.02053014553014553 0.010810810810810811
0 0.716995841995842 0.6293139293139293 0.02130977130977131 0.010810810810810811
0 0.738045738045738 0.6293139293139293 0.02182952182952183 0.010810810810810811
0 0.7596153846153846 0.6293139293139293 0.02182952182952183 0.010602910602910603
0 0.7814449064449065 0.6291060291060291 0.02130977130977131 0.010602910602910603
0 0.8027546777546778 0.6288981288981289 0.014812889812889814 0.010810810810810811
0 0.6751559251559252 0.616008316008316 0.02156964656964657 0.013305613305613306
0 0.6741164241164241 0.6027027027027027 0.02208939708939709 0.013305613305613306
0 0.6741164241164241 0.5887733887733888 0.02156964656964657 0.013721413721413722
0 0.6967255717255717 0.6158004158004158 0.02027027027027027 0.013721413721413722
0 0.6962058212058212 0.6024948024948025 0.02079002079002079 0.014760914760914762
0 0.6956860706860707 0.5887733887733888 0.02130977130977131 0.01496881496881497
0 0.7167359667359667 0.6158004158004158 0.02130977130977131 0.013513513513513514
0 0.738045738045738 0.6158004158004158 0.02156964656964657 0.013513513513513514
0 0.7596153846153846 0.6147609147609148 0.02182952182952183 0.014345114345114346
0 0.7811850311850311 0.6153846153846154 0.02182952182952183 0.014553014553014554
0 0.803014553014553 0.6153846153846154 0.014553014553014554 0.014345114345114346
0 0.7167359667359667 0.6022869022869023 0.02130977130977131 0.014345114345114346
0 0.7167359667359667 0.5883575883575883 0.02104989604989605 0.014760914760914762
0 0.7377858627858628 0.6024948024948025 0.02156964656964657 0.01392931392931393
0 0.7377858627858628 0.5883575883575883 0.02156964656964657 0.014760914760914762
0 0.7590956340956341 0.6022869022869023 0.02208939708939709 0.014345114345114346
0 0.7811850311850311 0.6020790020790021 0.02156964656964657 0.01392931392931393
0 0.8027546777546778 0.6018711018711018 0.014553014553014554 0.013513513513513514
0 0.7590956340956341 0.5883575883575883 0.02208939708939709 0.014345114345114346
0 0.7809251559251559 0.5887733887733888 0.02182952182952183 0.01392931392931393
0 0.8027546777546778 0.5883575883575883 0.014293139293139294 0.014553014553014554
0 0.9638773388773388 0.2844074844074844 0.036122661122661125 0.01891891891891892
0 0.8604469854469855 0.28523908523908525 0.036122661122661125 0.018503118503118504
0 0.8565488565488566 0.4318087318087318 0.037422037422037424 0.020374220374220375
0 0.8581081081081081 0.5002079002079002 0.037681912681912684 0.017463617463617465
0 0.4545218295218295 0.35446985446985446 0.037681912681912684 0.020997920997921
0 0.590956340956341 0.3546777546777547 0.011174636174636175 0.02079002079002079
0 0.6195426195426196 0.3542619542619543 0.010395010395010396 0.021205821205821207
0 0.6340956340956341 0.3542619542619543 0.037422037422037424 0.022661122661122662
0 0.4061850311850312 0.4264033264033264 0.037162162162162164 0.022453222453222454
0 0.5631496881496881 0.4268191268191268 0.036642411642411644 0.011642411642411643
0 0.6244802494802495 0.42744282744282747 0.014293139293139294 0.015384615384615385
0 0.7097193347193347 0.42744282744282747 0.038461538461538464 0.02203742203742204
0 0.774948024948025 0.4278586278586279 0.037941787941787944 0.018295218295218296
0 0.7461018711018711 0.35883575883575886 0.037681912681912684 0.019126819126819128
0 0.5426195426195426 0.5002079002079002 0.037162162162162164 0.01787941787941788
0 0.9176195426195426 0.24906444906444908 0.0059771309771309775 0.0316008316008316
0 0.840956340956341 0.2970893970893971 0.011954261954261955 0.006444906444906445
0 0.9067047817047817 0.2972972972972973 0.012733887733887735 0.0060291060291060294
0 0.9178794178794178 0.2257796257796258 0.009875259875259876 0.022453222453222454
0 0.8373180873180873 0.22120582120582122 0.008316008316008316 0.02681912681912682
