0 0.0642361111111111 0.28703703703703703 0.02703373015873016 0.01488095238095238
0 0.2095734126984127 0.2853835978835979 0.02628968253968254 0.017857142857142856
0 0.30481150793650796 0.28406084656084657 0.02703373015873016 0.018518518518518517
0 0.4174107142857143 0.2833994708994709 0.022569444444444444 0.016865079365079364
0 0.49007936507936506 0.2833994708994709 0.025049603174603176 0.017526455026455025
0 0.7686011904761905 0.2810846560846561 0.02554563492063492 0.015542328042328041
0 0.5602678571428571 0.2824074074074074 0.028273809523809524 0.016534391534391533
0 0.8268849206349206 0.2800925925925926 0.025793650793650792 0.016865079365079364
0 0.058779761904761904 0.5267857142857143 0.022817460317460316 0.012896825396825396
0 0.388640873015873 0.5221560846560847 0.02554563492063492 0.02017195767195767
0 0.48462301587301587 0.521494708994709 0.0248015873015873 0.017526455026455025
0 0.6919642857142857 0.5201719576719577 0.026537698412698412 0.02017195767195767
0 0.919890873015873 0.5188492063492064 0.027529761904761904 0.020833333333333332
0 0.01984126984126984 0.7731481481481481 0.029017857142857144 0.01951058201058201
0 0.21577380952380953 0.765542328042328 0.022321428571428572 0.022486772486772486
0 0.31374007936507936 0.7648809523809523 0.025049603174603176 0.0205026455026455
0 0.46304563492063494 0.7628968253968254 0.022817460317460316 0.01984126984126984
0 0.6837797619047619 0.7612433862433863 0.026041666666666668 0.021164021164021163
0 0.0 0.0 0.048859126984126984 0.028439153439153438
0 0.000496031746031746 0.021494708994708994 0.04513888888888889 0.045965608465608467
0 0.04935515873015873 0.00033068783068783067 0.08333333333333333 0.03373015873015873
0 0.046130952380952384 0.02976190476190476 0.08209325396825397 0.03802910052910053
0 0.13120039682539683 0.0 0.07862103174603174 0.007936507936507936
0 0.1307043650793651 0.007605820105820105 0.07862103174603174 0.027447089947089946
0 0.12723214285714285 0.03505291005291005 0.08110119047619048 0.03373015873015873
0 0.20982142857142858 0.00033068783068783067 0.0763888888888889 0.007605820105820105
0 0.20982142857142858 0.006944444444444444 0.07663690476190477 0.02943121693121693
0 0.20758928571428573 0.03439153439153439 0.07911706349206349 0.03373015873015873
0 0.2876984126984127 0.008928571428571428 0.08234126984126984 0.028439153439153438
0 0.28794642857142855 0.03802910052910053 0.08134920634920635 0.017526455026455025
0 0.36929563492063494 0.00033068783068783067 0.025049603174603176 0.05125661375661376
0 0.3970734126984127 0.00033068783068783067 0.0220734126984127 0.0667989417989418
0 0.4201388888888889 0.0 0.021577380952380952 0.06746031746031746
0 0.4439484126984127 0.0 0.021825396825396824 0.06746031746031746
0 0.46825396825396826 0.000992063492063492 0.08035714285714286 0.02546296296296296
0 0.46875 0.027116402116402115 0.08035714285714286 0.037037037037037035
0 0.5491071428571429 0.00033068783068783067 0.07787698412698413 0.028439153439153438
0 0.5498511904761905 0.03141534391534392 0.07663690476190477 0.03505291005291005
0 0.6279761904761905 0.000992063492063492 0.07490079365079365 0.03042328042328042
0 0.6274801587301587 0.031746031746031744 0.07688492063492064 0.034722222222222224
0 0.7038690476190477 0.00033068783068783067 0.07886904761904762 0.03406084656084656
0 0.7046130952380952 0.036044973544973546 0.07589285714285714 0.028108465608465607
0 0.7824900793650794 0.000992063492063492 0.10069444444444445 0.0291005291005291
0 0.7819940476190477 0.03141534391534392 0.10143849206349206 0.032407407407407406
0 0.8826884920634921 0.0013227513227513227 0.1039186507936508 0.030753968253968252
0 0.8836805555555556 0.0333994708994709 0.09871031746031746 0.02976190476190476
0 0.012648809523809524 0.09292328042328042 0.1371527777777778 0.04298941798941799
0 0.000248015873015873 0.11144179894179894 0.10788690476190477 0.1746031746031746
0 0.10838293650793651 0.12698412698412698 0.015873015873015872 0.15773809523809523
0 0.12524801587301587 0.1335978835978836 0.10466269841269842 0.15145502645502645
0 0.22817460317460317 0.13988095238095238 0.0920138888888889 0.14351851851851852
0 0.28422619047619047 0.05654761904761905 0.12624007936507936 0.07506613756613757
0 0.3152281746031746 0.10813492063492064 0.10739087301587301 0.1736111111111111
0 0.4104662698412698 0.13690476190476192 0.0744047619047619 0.1474867724867725
0 0.4833829365079365 0.13955026455026456 0.07465277777777778 0.14384920634920634
0 0.5543154761904762 0.11078042328042328 0.02058531746031746 0.1703042328042328
0 0.5736607142857143 0.0744047619047619 0.08953373015873016 0.2080026455026455
0 0.6622023809523809 0.08630952380952381 0.07018849206349206 0.19477513227513227
0 0.734375 0.12797619047619047 0.08134920634920635 0.15178571428571427
0 0.7996031746031746 0.11144179894179894 0.09300595238095238 0.16964285714285715
0 0.8923611111111112 0.09755291005291006 0.09846230158730158 0.18055555555555555
0 0.001736111111111111 0.35813492063492064 0.06572420634920635 0.1669973544973545
0 0.0642361111111111 0.3449074074074074 0.09523809523809523 0.17956349206349206
0 0.15401785714285715 0.3333333333333333 0.11731150793650794 0.19014550264550265
0 0.27380952380952384 0.3551587301587302 0.09350198412698413 0.16732804232804233
0 0.3871527777777778 0.35912698412698413 0.0716765873015873 0.16170634920634921
0 0.45610119047619047 0.3419312169312169 0.0 0.0
0 0.45610119047619047 0.3369708994708995 0.10515873015873016 0.1832010582010582
0 0.5734126984126984 0.33366402116402116 0.10887896825396826 0.18683862433862433
0 0.6822916666666666 0.333994708994709 0.10962301587301587 0.18584656084656084
0 0.7914186507936508 0.3330026455026455 0.11086309523809523 0.18716931216931218
0 0.9002976190476191 0.31845238095238093 0.09970238095238096 0.20006613756613756
0 0.003968253968253968 0.5707671957671958 0.12797619047619047 0.20205026455026456
0 0.12748015873015872 0.5661375661375662 0.023809523809523808 0.19543650793650794
0 0.15773809523809523 0.5876322751322751 0.06448412698412699 0.15873015873015872
0 0.21800595238095238 0.5925925925925926 0.09399801587301587 0.17195767195767195
0 0.31820436507936506 0.5803571428571429 0.08432539682539683 0.16997354497354497
0 0.3998015873015873 0.5773809523809523 0.0882936507936508 0.1822089947089947
0 0.48387896825396826 0.5750661375661376 0.09424603174603174 0.18551587301587302
0 0.5726686507936508 0.5714285714285714 0.08407738095238096 0.17162698412698413
0 0.9340277777777778 0.558531746031746 0.06572420634920635 0.1832010582010582
0 0.00496031746031746 0.791005291005291 0.08035714285714286 0.20899470899470898
0 0.08159722222222222 0.8154761904761905 0.08234126984126984 0.1765873015873016
0 0.15922619047619047 0.8088624338624338 0.0920138888888889 0.18287037037037038
0 0.25496031746031744 0.7946428571428571 0.07837301587301587 0.16567460317460317
0 0.32688492063492064 0.8131613756613757 0.08531746031746032 0.1736111111111111
0 0.4174107142857143 0.8075396825396826 0.08482142857142858 0.17923280423280424
0 0.6512896825396826 0.78505291005291 0.025049603174603176 0.19345238095238096
0 0.6770833333333334 0.7959656084656085 0.11507936507936507 0.20238095238095238
0 0.8668154761904762 0.792989417989418 0.125 0.2027116402116402
