0 0.4732142857142857 0.503968253968254 0.02554563492063492 0.01984126984126984
0 0.1324404761904762 0.8009259259259259 0.023313492063492064 0.021164021164021163
0 0.012648809523809524 0.7979497354497355 0.026041666666666668 0.023148148148148147
0 0.44246031746031744 0.8002645502645502 0.023809523809523808 0.021164021164021163
0 0.25471230158730157 0.06415343915343916 0.022817460317460316 0.041005291005291
0 0.27827380952380953 0.049933862433862435 0.04389880952380952 0.18353174603174602
0 0.3030753968253968 0.062169312169312166 0.019593253968253968 0.04332010582010582
0 0.3142361111111111 0.07242063492063493 0.013888888888888888 0.03835978835978836
0 0.3244047619047619 0.05125661375661376 0.047371031746031744 0.18121693121693122
0 0.373015873015873 0.05092592592592592 0.048859126984126984 0.18253968253968253
0 0.3968253968253968 0.06316137566137567 0.024305555555555556 0.056878306878306875
0 0.42311507936507936 0.047619047619047616 0.04811507936507937 0.1884920634920635
0 0.4729662698412698 0.04894179894179894 0.047867063492063495 0.18485449735449735
0 0.5255456349206349 0.04828042328042328 0.049107142857142856 0.18287037037037038
0 0.5763888888888888 0.046957671957671955 0.047619047619047616 0.1822089947089947
0 0.6254960317460317 0.046296296296296294 0.047371031746031744 0.1832010582010582
0 0.6760912698412699 0.045304232804232805 0.04861111111111111 0.1818783068783069
0 0.7276785714285714 0.044642857142857144 0.049107142857142856 0.18386243386243387
0 0.7264384920634921 0.0582010582010582 0.020833333333333332 0.05191798941798942
0 0.6746031746031746 0.05853174603174603 0.0220734126984127 0.05324074074074074
0 0.9771825396825397 0.06382275132275132 0.02132936507936508 0.1597222222222222
0 0.9744543650793651 0.05357142857142857 0.02058531746031746 0.0496031746031746
0 0.9156746031746031 0.060515873015873016 0.03720238095238095 0.16567460317460317
0 0.9067460317460317 0.052248677248677246 0.038938492063492064 0.17328042328042328
0 0.8447420634920635 0.09027777777777778 0.024057539682539684 0.13657407407407407
0 0.8323412698412699 0.105489417989418 0.024057539682539684 0.12301587301587301
0 0.8182043650793651 0.09821428571428571 0.033482142857142856 0.12962962962962962
0 0.8102678571428571 0.10383597883597884 0.027281746031746032 0.125
0 0.7901785714285714 0.1259920634920635 0.015128968253968254 0.027116402116402115
0 0.8077876984126984 0.1259920634920635 0.01240079365079365 0.028108465608465607
0 0.7735615079365079 0.1259920634920635 0.01636904761904762 0.02447089947089947
0 0.06076388888888889 0.3326719576719577 0.007192460317460317 0.027777777777777776
0 0.04563492063492063 0.4007936507936508 0.027281746031746032 0.018518518518518517
0 0.07142857142857142 0.3177910052910053 0.07490079365079365 0.028108465608465607
0 0.00992063492063492 0.44907407407407407 0.04141865079365079 0.05324074074074074
0 0.051587301587301584 0.44775132275132273 0.09350198412698413 0.05555555555555555
0 0.25322420634920634 0.30522486772486773 0.057787698412698416 0.028439153439153438
0 0.24751984126984128 0.44047619047619047 0.06448412698412699 0.0625
0 0.30009920634920634 0.3306878306878307 0.06721230158730158 0.0248015873015873
0 0.3685515873015873 0.330026455026455 0.06721230158730158 0.0248015873015873
0 0.43625992063492064 0.32936507936507936 0.06721230158730158 0.025793650793650792
0 0.5029761904761905 0.3287037037037037 0.06746031746031746 0.02546296296296296
0 0.3070436507936508 0.38392857142857145 0.05257936507936508 0.06183862433862434
0 0.31026785714285715 0.44742063492063494 0.05109126984126984 0.056216931216931214
0 0.36235119047619047 0.44576719576719576 0.04811507936507937 0.056216931216931214
0 0.41121031746031744 0.4460978835978836 0.04836309523809524 0.05654761904761905
0 0.3603670634920635 0.3855820105820106 0.047867063492063495 0.062169312169312166
0 0.4087301587301587 0.38591269841269843 0.06125992063492063 0.06117724867724868
0 0.5592757936507936 0.44543650793650796 0.050347222222222224 0.05853174603174603
0 0.5550595238095238 0.38855820105820105 0.12003968253968254 0.05787037037037037
0 0.6091269841269841 0.4460978835978836 0.051587301587301584 0.057539682539682536
0 0.6612103174603174 0.44543650793650796 0.047867063492063495 0.05886243386243386
0 0.7085813492063492 0.4444444444444444 0.05084325396825397 0.05886243386243386
0 0.7433035714285714 0.4064153439153439 0.012648809523809524 0.037698412698412696
0 0.7522321428571429 0.4027777777777778 0.010912698412698412 0.03968253968253968
0 0.7576884920634921 0.4007936507936508 0.009672619047619048 0.042328042328042326
0 0.7643849206349206 0.39880952380952384 0.009424603174603174 0.044642857142857144
0 0.7745535714285714 0.3978174603174603 0.00744047619047619 0.0496031746031746
0 0.7767857142857143 0.396494708994709 0.01488095238095238 0.046296296296296294
0 0.6755952380952381 0.8601190476190477 0.08581349206349206 0.07374338624338625
0 0.7001488095238095 0.9308862433862434 0.0597718253968254 0.06845238095238096
0 0.6346726190476191 0.8935185185185185 0.06696428571428571 0.10482804232804233
0 0.5890376984126984 0.9322089947089947 0.054811507936507936 0.06779100529100529
0 0.5771329365079365 0.8607804232804233 0.062003968253968256 0.07208994708994709
0 0.5287698412698413 0.894510582010582 0.058779761904761904 0.10482804232804233
0 0.4751984126984127 0.8958333333333334 0.05431547619047619 0.10416666666666667
0 0.47867063492063494 0.8564814814814815 0.04861111111111111 0.04861111111111111
0 0.4134424603174603 0.857473544973545 0.060267857142857144 0.1421957671957672
0 0.35714285714285715 0.9282407407407407 0.05803571428571429 0.07142857142857142
0 0.35466269841269843 0.8541666666666666 0.0763888888888889 0.07605820105820106
0 0.3033234126984127 0.8604497354497355 0.05431547619047619 0.1378968253968254
0 0.3854166666666667 0.6818783068783069 0.0625 0.1259920634920635
0 0.2095734126984127 0.855489417989418 0.06746031746031746 0.047619047619047616
0 0.16592261904761904 0.8558201058201058 0.04538690476190476 0.036044973544973546
0 0.12028769841269842 0.8528439153439153 0.04563492063492063 0.037037037037037035
0 0.1644345238095238 0.892526455026455 0.061755952380952384 0.05324074074074074
0 0.11904761904761904 0.8908730158730159 0.04538690476190476 0.054563492063492064
0 0.5870535714285714 0.59755291005291 0.013640873015873016 0.030753968253968252
0 0.5746527777777778 0.5952380952380952 0.014632936507936508 0.042328042328042326
0 0.5721726190476191 0.5945767195767195 0.009424603174603174 0.04298941798941799
0 0.5567956349206349 0.5952380952380952 0.015128968253968254 0.042328042328042326
0 0.542906746031746 0.5958994708994709 0.013888888888888888 0.04398148148148148
0 0.5307539682539683 0.5942460317460317 0.01240079365079365 0.04365079365079365
0 0.5161210317460317 0.5958994708994709 0.013640873015873016 0.03802910052910053
0 0.5052083333333334 0.5952380952380952 0.011656746031746032 0.03869047619047619
0 0.5255456349206349 0.04828042328042328 0.049107142857142856 0.18287037037037038
0 0.012896825396825396 0.6455026455026455 0.01314484126984127 0.12996031746031747
0 0.03844246031746032 0.6461640211640212 0.023809523809523808 0.1431878306878307
0 0.0662202380952381 0.6474867724867724 0.02554563492063492 0.1421957671957672
0 0.0900297619047619 0.6501322751322751 0.03298611111111111 0.13822751322751323
0 0.11731150793650794 0.6501322751322751 0.028521825396825396 0.1402116402116402
0 0.16245039682539683 0.6316137566137566 0.018849206349206348 0.05191798941798942
0 0.16889880952380953 0.6276455026455027 0.02058531746031746 0.0539021164021164
0 0.1793154761904762 0.6233465608465608 0.014136904761904762 0.05291005291005291
0 0.16046626984126985 0.6762566137566137 0.017857142857142856 0.011243386243386243
0 0.2088293650793651 0.6755952380952381 0.01636904761904762 0.017195767195767195
0 0.17261904761904762 0.6815476190476191 0.020833333333333332 0.10846560846560846
0 0.19543650793650794 0.6825396825396826 0.020337301587301588 0.10945767195767196
0 0.23015873015873015 0.6044973544973545 0.022569444444444444 0.07936507936507936
0 0.25818452380952384 0.5965608465608465 0.018353174603174604 0.07407407407407407
0 0.23561507936507936 0.6841931216931217 0.019593253968253968 0.10648148148148148
0 0.2720734126984127 0.6779100529100529 0.018353174603174604 0.10317460317460317
0 0.28422619047619047 0.671957671957672 0.016617063492063492 0.0992063492063492
0 0.26438492063492064 0.6703042328042328 0.010912698412698412 0.011243386243386243
0 0.25322420634920634 0.6742724867724867 0.010416666666666666 0.008597883597883597
0 0.35987103174603174 0.6603835978835979 0.012896825396825396 0.03571428571428571
0 0.34250992063492064 0.6666666666666666 0.015873015873015872 0.016203703703703703
0 0.34350198412698413 0.6749338624338624 0.02132936507936508 0.10251322751322751
0 0.37524801587301587 0.6623677248677249 0.017609126984126984 0.05720899470899471
0 0.32415674603174605 0.671957671957672 0.016617063492063492 0.10185185185185185
0 0.24032738095238096 0.5836640211640212 0.012648809523809524 0.007936507936507936
0 0.23139880952380953 0.5876322751322751 0.009424603174603174 0.007605820105820105
0 0.22321428571428573 0.5925925925925926 0.013392857142857142 0.00496031746031746
0 0.2204861111111111 0.5978835978835979 0.009176587301587302 0.006283068783068783
0 0.21155753968253968 0.6015211640211641 0.011160714285714286 0.009259259259259259
0 0.17162698412698413 0.6180555555555556 0.009672619047619048 0.009259259259259259
0 0.1579861111111111 0.623015873015873 0.014632936507936508 0.00992063492063492
0 0.14905753968253968 0.6266534391534392 0.013888888888888888 0.013888888888888888
0 0.13938492063492064 0.6329365079365079 0.014136904761904762 0.016203703703703703
0 0.1284722222222222 0.6372354497354498 0.01240079365079365 0.008597883597883597
0 0.1909722222222222 0.5978835978835979 0.007688492063492063 0.008267195767195767
0 0.17906746031746032 0.6025132275132276 0.01314484126984127 0.007275132275132275
0 0.1765873015873016 0.6051587301587301 0.012896825396825396 0.008597883597883597
0 0.16790674603174602 0.607473544973545 0.01240079365079365 0.01488095238095238
0 0.15376984126984128 0.611441798941799 0.016617063492063492 0.011904761904761904
0 0.1423611111111111 0.6164021164021164 0.012152777777777778 0.013558201058201057
0 0.13343253968253968 0.6200396825396826 0.00818452380952381 0.011904761904761904
0 0.12251984126984126 0.6246693121693122 0.010416666666666666 0.01455026455026455
0 0.11383928571428571 0.6306216931216931 0.00744047619047619 0.017195767195767195
0 0.09895833333333333 0.6352513227513228 0.014136904761904762 0.01488095238095238
0 0.1708829365079365 0.5992063492063492 0.00992063492063492 0.011904761904761904
0 0.16294642857142858 0.6008597883597884 0.005952380952380952 0.016203703703703703
0 0.13045634920634921 0.6124338624338624 0.011160714285714286 0.00958994708994709
0 0.14434523809523808 0.6071428571428571 0.010168650793650794 0.012235449735449735
0 0.1195436507936508 0.6173941798941799 0.011160714285714286 0.011243386243386243
0 0.10838293650793651 0.623015873015873 0.011160714285714286 0.00992063492063492
0 0.09623015873015874 0.6266534391534392 0.010168650793650794 0.012566137566137565
0 0.0845734126984127 0.6329365079365079 0.010168650793650794 0.013558201058201057
0 0.0726686507936508 0.6388888888888888 0.013888888888888888 0.011574074074074073
0 0.05927579365079365 0.6408730158730159 0.012896825396825396 0.01521164021164021
0 0.48412698412698413 0.6322751322751323 0.011656746031746032 0.012896825396825396
0 0.48387896825396826 0.6395502645502645 0.008680555555555556 0.011904761904761904
0 0.47867063492063494 0.6428571428571429 0.008928571428571428 0.021494708994708994
0 0.46825396825396826 0.6527777777777778 0.010912698412698412 0.007275132275132275
0 0.46304563492063494 0.6590608465608465 0.021081349206349208 0.09689153439153439
0 0.5014880952380952 0.6352513227513228 0.01066468253968254 0.007936507936507936
0 0.4908234126984127 0.6534391534391535 0.01066468253968254 0.006283068783068783
0 0.48561507936507936 0.6603835978835979 0.019097222222222224 0.09623015873015874
0 0.519593253968254 0.6378968253968254 0.011408730158730158 0.015873015873015872
0 0.5178571428571429 0.6448412698412699 0.01066468253968254 0.008267195767195767
0 0.564484126984127 0.6732804232804233 0.014136904761904762 0.015873015873015872
0 0.6453373015873016 0.6712962962962963 0.013640873015873016 0.015873015873015872
0 0.6200396825396826 0.6716269841269841 0.015376984126984126 0.01488095238095238
0 0.5962301587301587 0.6706349206349206 0.013640873015873016 0.01521164021164021
0 0.6423611111111112 0.6769179894179894 0.0248015873015873 0.11243386243386243
0 0.6178075396825397 0.6779100529100529 0.025049603174603176 0.11078042328042328
0 0.59375 0.6785714285714286 0.023561507936507936 0.10945767195767196
0 0.6128472222222222 0.5942460317460317 0.01314484126984127 0.08134920634920635
0 0.6178075396825397 0.5998677248677249 0.016865079365079364 0.07208994708994709
0 0.621031746031746 0.6051587301587301 0.016865079365079364 0.0667989417989418
0 0.6319444444444444 0.6087962962962963 0.025297619047619048 0.06481481481481481
0 0.6532738095238095 0.6326058201058201 0.018601190476190476 0.03670634920634921
0 0.658234126984127 0.6421957671957672 0.02132936507936508 0.11144179894179894
0 0.27306547619047616 0.5036375661375662 0.025793650793650792 0.02017195767195767
0 0.31845238095238093 0.353505291005291 0.023561507936507936 0.01917989417989418
0 0.5939980158730159 0.23115079365079366 0.024057539682539684 0.022156084656084655
0 0.951140873015873 0.22453703703703703 0.026785714285714284 0.021164021164021163
0 0.8759920634920635 0.503968253968254 0.025049603174603176 0.020833333333333332
0 0.716765873015873 0.5042989417989417 0.025793650793650792 0.02017195767195767
0 0.02703373015873016 0.2361111111111111 0.026785714285714284 0.021494708994708994
0 0.23735119047619047 0.23346560846560846 0.024553571428571428 0.022817460317460316
0 0.010168650793650794 0.5009920634920635 0.025297619047619048 0.023148148148148147
0 0.07068452380952381 0.3449074074074074 0.025297619047619048 0.018518518518518517
0 0.15600198412698413 0.3455687830687831 0.025793650793650792 0.018187830687830687
0 0.7872023809523809 0.39087301587301587 0.012648809523809524 0.05291005291005291
0 0.7981150793650794 0.39351851851851855 0.013392857142857142 0.05125661375661376
0 0.8038194444444444 0.390542328042328 0.01066468253968254 0.05357142857142857
0 0.8097718253968254 0.3878968253968254 0.011408730158730158 0.11474867724867725
0 0.8206845238095238 0.3869047619047619 0.018105158730158732 0.11673280423280423
0 0.8306051587301587 0.3835978835978836 0.021081349206349208 0.1207010582010582
0 0.8735119047619048 0.38062169312169314 0.027281746031746032 0.12202380952380952
0 0.9010416666666666 0.38326719576719576 0.027529761904761904 0.11904761904761904
0 0.9273313492063492 0.3819444444444444 0.01984126984126984 0.12136243386243387
0 0.9347718253968254 0.3759920634920635 0.030009920634920636 0.12698412698412698
0 0.9640376984126984 0.3683862433862434 0.03125 0.13425925925925927
0 0.9895833333333334 0.36772486772486773 0.010168650793650794 0.12797619047619047
0 0.9377480158730159 0.8677248677248677 0.06225198412698413 0.13128306878306878
0 0.8169642857142857 0.9401455026455027 0.12078373015873016 0.05886243386243386
0 0.8244047619047619 0.8667328042328042 0.11359126984126984 0.07208994708994709
0 0.7591765873015873 0.8657407407407407 0.07192460317460317 0.08895502645502645
0 0.7579365079365079 0.9328703703703703 0.06225198412698413 0.06514550264550265
0 0.7522321428571429 0.35648148148148145 0.0662202380952381 0.005952380952380952
0 0.8028273809523809 0.13855820105820105 0.011656746031746032 0.011574074074074073
0 0.8013392857142857 0.17923280423280424 0.00818452380952381 0.013888888888888888
0 0.7879464285714286 0.16633597883597884 0.01711309523809524 0.02414021164021164
0 0.7715773809523809 0.16534391534391535 0.017857142857142856 0.02447089947089947
0 0.7914186507936508 0.207010582010582 0.015873015873015872 0.02017195767195767
0 0.7740575396825397 0.207010582010582 0.01711309523809524 0.020833333333333332
0 0.009176587301587302 0.3611111111111111 0.03571428571428571 0.04861111111111111
0 0.009672619047619048 0.4054232804232804 0.036458333333333336 0.04563492063492063
0 0.008680555555555556 0.31977513227513227 0.019345238095238096 0.040674603174603176
0 0.0441468253968254 0.32771164021164023 0.014384920634920634 0.03207671957671958
0 0.6862599206349206 0.35615079365079366 0.06398809523809523 0.007605820105820105
0 0.5181051587301587 0.8029100529100529 0.02554563492063492 0.022156084656084655
0 0.6884920634920635 0.8029100529100529 0.024305555555555556 0.022817460317460316
0 0.026041666666666668 0.05423280423280423 0.06274801587301587 0.18253968253968253
0 0.09375 0.18353174603174602 0.08308531746031746 0.05191798941798942
0 0.16765873015873015 0.10317460317460317 0.060267857142857144 0.1349206349206349
0 0.006200396825396825 0.07175925925925926 0.01984126984126984 0.1669973544973545
0 0.22371031746031747 0.05324074074074074 0.05133928571428571 0.18386243386243387
0 0.6989087301587301 0.5925925925925926 0.012648809523809524 0.020833333333333332
0 0.6815476190476191 0.5949074074074074 0.01066468253968254 0.018518518518518517
0 0.6765873015873016 0.5925925925925926 0.011408730158730158 0.01917989417989418
0 0.8611111111111112 0.5793650793650794 0.023065476190476192 0.008928571428571428
0 0.8598710317460317 0.5873015873015873 0.02554563492063492 0.022817460317460316
0 0.8442460317460317 0.5985449735449735 0.01984126984126984 0.008928571428571428
0 0.15476190476190477 0.5830026455026455 0.010416666666666666 0.013888888888888888
0 0.14558531746031747 0.5902777777777778 0.006448412698412698 0.018187830687830687
0 0.02628968253968254 0.6329365079365079 0.009424603174603174 0.03571428571428571
0 0.01636904761904762 0.6259920634920635 0.011904761904761904 0.01488095238095238
0 0.5749007936507936 0.35813492063492064 0.012896825396825396 0.007936507936507936
0 0.5887896825396826 0.35813492063492064 0.011408730158730158 0.010582010582010581
0 0.6011904761904762 0.35978835978835977 0.01240079365079365 0.005952380952380952
0 0.6158234126984127 0.35813492063492064 0.060267857142857144 0.005291005291005291
0 0.13616071428571427 0.5922619047619048 0.00992063492063492 0.016865079365079364
0 0.12896825396825398 0.5968915343915344 0.007688492063492063 0.017526455026455025
0 0.8660714285714286 0.6617063492063492 0.01636904761904762 0.04398148148148148
0 0.8576388888888888 0.6369047619047619 0.015128968253968254 0.023809523809523808
0 0.8469742063492064 0.6471560846560847 0.01066468253968254 0.017526455026455025
0 0.7415674603174603 0.5767195767195767 0.03125 0.026455026455026454
0 0.7390873015873016 0.5671296296296297 0.03794642857142857 0.008597883597883597
0 0.9268353174603174 0.6312830687830688 0.019345238095238096 0.020833333333333332
0 0.9002976190476191 0.6352513227513228 0.019345238095238096 0.020833333333333332
0 0.8812003968253969 0.06316137566137567 0.03943452380952381 0.16765873015873015
0 0.8807043650793651 0.07473544973544974 0.020833333333333332 0.037698412698412696
0 0.8563988095238095 0.08101851851851852 0.028025793650793652 0.14616402116402116
0 0.9250992063492064 0.656084656084656 0.016865079365079364 0.05125661375661376
0 0.9166666666666666 0.6511243386243386 0.010168650793650794 0.04265873015873016
0 0.9040178571428571 0.6481481481481481 0.012648809523809524 0.018187830687830687
0 0.8931051587301587 0.6590608465608465 0.014384920634920634 0.04431216931216931
0 0.8583829365079365 0.654431216931217 0.014384920634920634 0.01521164021164021
0 0.8938492063492064 0.6302910052910053 0.016121031746031748 0.0248015873015873
0 0.8732638888888888 0.6342592592592593 0.019345238095238096 0.01521164021164021
0 0.8318452380952381 0.6359126984126984 0.020337301587301588 0.010582010582010581
0 0.7765376984126984 0.6326058201058201 0.015625 0.021825396825396824
0 0.7681051587301587 0.626984126984127 0.010168650793650794 0.018518518518518517
0 0.7542162698412699 0.6302910052910053 0.013888888888888888 0.04332010582010582
0 0.7296626984126984 0.6359126984126984 0.017361111111111112 0.04332010582010582
0 0.7199900793650794 0.6312830687830688 0.021577380952380952 0.03439153439153439
0 0.6795634920634921 0.6335978835978836 0.015625 0.03207671957671958
0 0.6567460317460317 0.6111111111111112 0.017609126984126984 0.02017195767195767
0 0.6790674603174603 0.6150793650793651 0.020337301587301588 0.017526455026455025
0 0.7098214285714286 0.623015873015873 0.01488095238095238 0.013888888888888888
0 0.7512400793650794 0.6223544973544973 0.01314484126984127 0.013558201058201057
0 0.7440476190476191 0.6279761904761905 0.011904761904761904 0.015873015873015872
0 0.6984126984126984 0.6183862433862434 0.01984126984126984 0.03439153439153439
0 0.6837797619047619 0.6061507936507936 0.01636904761904762 0.016865079365079364
0 0.7162698412698413 0.5958994708994709 0.013392857142857142 0.01917989417989418
0 0.05381944444444445 0.621031746031746 0.01240079365079365 0.022156084656084655
0 0.027281746031746032 0.5843253968253969 0.00818452380952381 0.008267195767195767
0 0.11359126984126984 0.6028439153439153 0.008928571428571428 0.017526455026455025
0 0.07688492063492064 0.6064814814814815 0.015873015873015872 0.0291005291005291
0 0.11408730158730158 0.5843253968253969 0.01314484126984127 0.011574074074074073
0 0.13566468253968253 0.5849867724867724 0.008680555555555556 0.00958994708994709
0 0.09771825396825397 0.5849867724867724 0.011656746031746032 0.010912698412698412
0 0.08382936507936507 0.5830026455026455 0.008928571428571428 0.007936507936507936
0 0.0642361111111111 0.5836640211640212 0.00992063492063492 0.013227513227513227
0 0.04538690476190476 0.5823412698412699 0.010416666666666666 0.013558201058201057
0 0.10044642857142858 0.6005291005291006 0.007192460317460317 0.027116402116402115
0 0.01984126984126984 0.9487433862433863 0.05381944444444445 0.05092592592592592
0 0.12078373015873016 0.6005291005291006 0.006696428571428571 0.013888888888888888
0 0.027529761904761904 0.3210978835978836 0.01711309523809524 0.03869047619047619
0 0.10069444444444445 0.39814814814814814 0.04017857142857143 0.022156084656084655
0 0.1324404761904762 0.3005952380952381 0.060515873015873016 0.01521164021164021
0 0.1416170634920635 0.31977513227513227 0.06845238095238096 0.025793650793650792
0 0.20808531746031747 0.31547619047619047 0.07192460317460317 0.032407407407407406
0 0.27380952380952384 0.31746031746031744 0.019593253968253968 0.03273809523809524
0 0.24280753968253968 0.31084656084656087 0.06374007936507936 0.027777777777777776
0 0.7586805555555556 0.4441137566137566 0.05109126984126984 0.05952380952380952
0 0.2594246031746032 0.6822089947089947 0.020089285714285716 0.10945767195767196
0 0.19692460317460317 0.6048280423280423 0.013640873015873016 0.00992063492063492
0 0.1800595238095238 0.6130952380952381 0.012152777777777778 0.012566137566137565
0 0.5049603174603174 0.6567460317460317 0.016121031746031748 0.09887566137566138
0 0.5161210317460317 0.6752645502645502 0.01314484126984127 0.01521164021164021
0 0.31746031746031744 0.3230820105820106 0.06076388888888889 0.004629629629629629
0 0.1498015873015873 0.5873015873015873 0.007936507936507936 0.016865079365079364
0 0.37822420634920634 0.3237433862433862 0.06448412698412699 0.0006613756613756613
0 0.32490079365079366 0.31845238095238093 0.057291666666666664 0.003968253968253968
0 0.5084325396825397 0.32076719576719576 0.058779761904761904 0.01025132275132275
0 0.07093253968253968 0.9523809523809523 0.14459325396825398 0.04728835978835979
0 0.14905753968253968 0.6349206349206349 0.022817460317460316 0.04828042328042328
0 0.18948412698412698 0.6180555555555556 0.023561507936507936 0.06514550264550265
0 0.21081349206349206 0.609457671957672 0.018601190476190476 0.10251322751322751
0 0.18204365079365079 0.6765873015873016 0.016617063492063492 0.014219576719576719
0 0.8727678571428571 0.6488095238095238 0.01488095238095238 0.025793650793650792
0 0.7296626984126984 0.623015873015873 0.015625 0.012896825396825396
0 0.08953373015873016 0.6025132275132276 0.010416666666666666 0.026455026455026454
0 0.7095734126984127 0.6398809523809523 0.025297619047619048 0.11541005291005291
0 0.7889384920634921 0.6137566137566137 0.03869047619047619 0.17559523809523808
0 0.828125 0.6488095238095238 0.01636904761904762 0.04497354497354497
0 0.9345238095238095 0.03935185185185185 0.04439484126984127 0.18716931216931218
0 0.24578373015873015 0.6005291005291006 0.017609126984126984 0.07705026455026455
0 0.5126488095238095 0.6808862433862434 0.026537698412698412 0.11673280423280423
0 0.5396825396825397 0.6749338624338624 0.015376984126984126 0.01455026455026455
0 0.5401785714285714 0.6795634920634921 0.021081349206349208 0.11474867724867725
0 0.5615079365079365 0.6815476190476191 0.02554563492063492 0.1111111111111111
0 0.06845238095238096 0.6180555555555556 0.011160714285714286 0.021825396825396824
0 0.4595734126984127 0.4451058201058201 0.05009920634920635 0.0582010582010582
0 0.5096726190476191 0.44477513227513227 0.0496031746031746 0.05919312169312169
0 0.6795634920634921 0.638558201058201 0.028521825396825396 0.11375661375661375
0 0.7358630952380952 0.646494708994709 0.018105158730158732 0.11177248677248677
0 0.7430555555555556 0.6531084656084656 0.027281746031746032 0.12268518518518519
0 0.7713293650793651 0.6547619047619048 0.019097222222222224 0.12169312169312169
0 0.8276289682539683 0.6623677248677249 0.025297619047619048 0.125
0 0.8390376984126984 0.6696428571428571 0.03298611111111111 0.12764550264550265
0 0.8732638888888888 0.6673280423280423 0.02703373015873016 0.13227513227513227
0 0.902281746031746 0.6673280423280423 0.02628968253968254 0.12896825396825398
0 0.9315476190476191 0.6689814814814815 0.033234126984126984 0.1283068783068783
0 0.9568452380952381 0.6481481481481481 0.013888888888888888 0.018187830687830687
0 0.9437003968253969 0.6504629629629629 0.010912698412698412 0.015873015873015872
0 0.042162698412698416 0.6283068783068783 0.009424603174603174 0.016203703703703703
0 0.19270833333333334 0.9014550264550265 0.11929563492063493 0.09821428571428571
0 0.4982638888888889 0.6438492063492064 0.011656746031746032 0.004298941798941799
0 0.49702380952380953 0.6498015873015873 0.010168650793650794 0.015542328042328041
0 0.5171130952380952 0.6498015873015873 0.015376984126984126 0.03571428571428571
0 0.15550595238095238 0.6058201058201058 0.005208333333333333 0.011243386243386243
0 0.1892361111111111 0.6078042328042328 0.009672619047619048 0.007936507936507936
0 0.14732142857142858 0.683531746031746 0.025049603174603176 0.10615079365079365
0 0.8392857142857143 0.3819444444444444 0.03447420634920635 0.12235449735449735
0 0.9675099206349206 0.666005291005291 0.032242063492063495 0.13194444444444445
