0 0.12424913057224155 0.09949409780775717 0.03540942143534619 0.03330522765598651
0 0.08093582042364844 0.10919055649241147 0.04268099905153335 0.0366779089376054
0 0.04331331014859311 0.11087689713322091 0.03635788808093582 0.03330522765598651
0 0.16155548529876698 0.11551433389544688 0.022447043945621244 0.016863406408094434
0 0.1299399304457793 0.1281618887015177 0.04837179892507114 0.03709949409780776
0 0.029086310464748657 0.15092748735244518 0.03351248814416693 0.024873524451939293
0 0.06291495415744547 0.14713322091062395 0.03414479924122668 0.03204047217537943
0 0.09864053114132153 0.1475548060708263 0.030350932658868162 0.02951096121416526
0 0.1492254189061018 0.16694772344013492 0.041416376857413846 0.031197301854974706
0 0.10875750869427758 0.17748735244519392 0.0379386658235852 0.02824620573355818
0 0.07524502055011066 0.1812816188870152 0.03129939930445779 0.025295109612141653
0 0.03951944356623459 0.17706576728499157 0.031931710401517543 0.01517706576728499
0 0.0009484666455896301 0.17917369308600337 0.03540942143534619 0.025716694772344013
0 0.03920328801770471 0.19519392917369308 0.04268099905153335 0.05860033726812816
0 0.08346506481188745 0.209106239460371 0.035725576983876066 0.045109612141652614
0 0.12140373063547265 0.20826306913996628 0.035725576983876066 0.045952782462057334
0 0.15776161871640848 0.1994097807757167 0.03730635472652545 0.05354131534569983
0 0.010116977552956055 0.20741989881956155 0.028453999367688904 0.047217537942664416
0 0.0006323110970597534 0.2078414839797639 0.00853619981030667 0.046795952782462055
0 0.18558330698703762 0.12225969645868466 0.013278533038254822 0.031618887015177066
0 0.17957635156496995 0.15050590219224283 0.013594688586784698 0.024030354131534568
0 0.19222257350616503 0.15556492411467115 0.014226999683844452 0.022344013490725127
0 0.2020233955105912 0.15682967959527824 0.018020866266202973 0.031618887015177066
0 0.21498577300031615 0.16231028667790895 0.014543155232374328 0.01770657672849916
0 0.19475181789440404 0.18170320404721754 0.021814732848561492 0.024030354131534568
0 0.18969332911792602 0.18929173693086004 0.012646221941195067 0.021922428330522766
0 0.19633259563705344 0.2078414839797639 0.03382864369269681 0.046795952782462055
0 0.22067657287385395 0.1745362563237774 0.032880177047107176 0.03794266441821248
0 0.23110970597533986 0.20615514333895446 0.03129939930445779 0.04215851602023609
0 0.235852039203288 0.13448566610455312 0.0379386658235852 0.045531197301854974
0 0.2620929497312678 0.11382799325463744 0.033196332595637056 0.04047217537942664
0 0.2766361049636421 0.1399662731871838 0.033196332595637056 0.03794266441821248
0 0.2971862156180841 0.11593591905564925 0.029402466013278533 0.031618887015177066
0 0.2548213721150806 0.1703204047217538 0.0325640214985773 0.0387858347386172
0 0.28991463800189693 0.16947723440134907 0.03129939930445779 0.04468802698145025
0 0.3107809042048688 0.13532883642495785 0.03509326588681631 0.03920741989881956
0 0.3269048371798925 0.1205733558178752 0.010749288650015808 0.013490725126475547
0 0.33733797028137846 0.11256323777403035 0.030983243755927918 0.0387858347386172
0 0.348719570028454 0.14376053962900506 0.03509326588681631 0.046795952782462055
0 0.36990199177995575 0.11087689713322091 0.03351248814416693 0.046374367622259695
0 0.3736958583623143 0.17580101180438448 0.03129939930445779 0.04005059021922428
0 0.39424596901675624 0.1454468802698145 0.027505532722099272 0.0366779089376054
0 0.41890610180208665 0.1467116357504216 0.02118242175150174 0.0366779089376054
0 0.4072083465064812 0.1745362563237774 0.033196332595637056 0.03794266441821248
0 0.41163452418589946 0.2036256323777403 0.04015175466329434 0.049747048903878585
0 0.2643060385709769 0.19983136593591905 0.038887132469174836 0.05396290050590219
0 0.3047739487828011 0.20657672849915684 0.035725576983876066 0.045531197301854974
0 0.32089788175782485 0.16146711635750421 0.03635788808093582 0.051011804384485666
0 0.3414479924122668 0.20489038785834737 0.0366740436294657 0.049747048903878585
0 0.3790705026873222 0.21205733558178752 0.031931710401517543 0.04258010118043845
0 0.43787543471387924 0.18338954468802698 0.012962377489724945 0.025716694772344013
0 0.4479924122668353 0.19013490725126475 0.02118242175150174 0.02866779089376054
0 0.4533670565918432 0.21500843170320405 0.027821688270629148 0.04131534569983136
0 0.47012330066392666 0.1821247892074199 0.030034777110338286 0.03330522765598651
0 0.48245336705659186 0.21416526138279932 0.027821688270629148 0.04215851602023609
0 0.5023711666139741 0.18465430016863407 0.027821688270629148 0.03836424957841484
0 0.5333544103699019 0.17917369308600337 0.029086310464748657 0.03794266441821248
0 0.5165981662978185 0.21500843170320405 0.030350932658868162 0.04131534569983136
0 0.5662345874170092 0.17833052276559866 0.03161555485298767 0.0387858347386172
0 0.5494783433449257 0.21290050590219226 0.028453999367688904 0.04131534569983136
0 0.5791969649067341 0.21500843170320405 0.03066708820739804 0.0387858347386172
0 0.5981662978185267 0.17537942664418213 0.02877015491621878 0.04384485666104553
0 0.6108125197597217 0.20531197301854975 0.035725576983876066 0.048903878583473864
0 0.628201074928865 0.17284991568296795 0.03540942143534619 0.04300168634064081
0 0.6474865633891875 0.20278246205733558 0.0379386658235852 0.049747048903878585
0 0.6582358520392033 0.1163575042158516 0.03635788808093582 0.04468802698145025
0 0.6424280746127095 0.14165261382799327 0.03414479924122668 0.040893760539629
0 0.6655074296553904 0.16821247892074198 0.036041732532405946 0.04426644182124789
0 0.687006006955422 0.20278246205733558 0.03920328801770471 0.051011804384485666
0 0.6816313626304141 0.13743676222596965 0.03730635472652545 0.040893760539629
0 0.707872273158394 0.11677908937605397 0.030983243755927918 0.04300168634064081
0 0.7031299399304458 0.16146711635750421 0.04046791021182422 0.048903878583473864
0 0.7277900727157761 0.20615514333895446 0.03382864369269681 0.045952782462057334
0 0.7312677837496048 0.14080944350758853 0.03224786595004742 0.04384485666104553
0 0.7458109389819791 0.16947723440134907 0.03351248814416693 0.04468802698145025
0 0.7644641163452418 0.20278246205733558 0.03920328801770471 0.048903878583473864
0 0.8042997154600063 0.1973018549747049 0.05406259879860892 0.05564924114671164
0 0.8280113815997471 0.1543001686340641 0.044577932342712616 0.05438448566610455
0 0.8602592475497945 0.1994097807757167 0.044261776794182736 0.06239460370994941
0 0.8713246917483402 0.10581787521079258 0.03699019917799557 0.04342327150084317
0 0.8577300031615555 0.13870151770657674 0.031931710401517543 0.045109612141652614
0 0.8760670249762883 0.15893760539629004 0.04837179892507114 0.048060708263069137
0 0.902624091052798 0.0990725126475548 0.030350932658868162 0.03920741989881956
0 0.89756560227632 0.13870151770657674 0.03351248814416693 0.031618887015177066
0 0.9155864685425229 0.11087689713322091 0.04584255453683212 0.045531197301854974
0 0.953841289914638 0.09148397976391232 0.04046791021182422 0.05185497470489039
0 0.9696490673411319 0.11888701517706576 0.030350932658868162 0.04131534569983136
0 0.9449889345558015 0.1475548060708263 0.032880177047107176 0.0387858347386172
0 0.9655390452102435 0.16104553119730186 0.03414479924122668 0.047217537942664416
0 0.9187480240278217 0.163575042158516 0.04331331014859311 0.04342327150084317
0 0.905153335441037 0.19983136593591905 0.03983559911476446 0.05311973018549747
0 0.9468858678469807 0.19688026981450252 0.043629465697122984 0.05396290050590219
0 0.8583623142586152 0.11129848229342328 0.01612393297502371 0.021079258010118045
0 0.8510907366424281 0.13237774030354132 0.015175466329434081 0.021079258010118045
0 0.8463484034144799 0.11298482293423272 0.017704710717673097 0.024451939291736932
0 0.828327537148277 0.13743676222596965 0.029086310464748657 0.025716694772344013
0 0.8039835599114764 0.1357504215851602 0.03382864369269681 0.03414839797639123
0 0.8305406259879861 0.10834738617200675 0.03129939930445779 0.026981450252951095
0 0.9374012013910844 0.10118043844856661 0.019601644008852354 0.01391231028667791
0 0.0 0.3145025295109612 0.013594688586784698 0.04258010118043845
0 0.002529244388239014 0.31956155143338955 0.044577932342712616 0.03836424957841484
0 0.036041732532405946 0.32040472175379425 0.03730635472652545 0.050590219224283306
0 0.07398039835599114 0.316610455311973 0.0325640214985773 0.046374367622259695
0 0.10875750869427758 0.3208263069139966 0.03414479924122668 0.040893760539629
0 0.14574770787227315 0.3149241146711636 0.03414479924122668 0.045109612141652614
0 0.17325324059437244 0.3178752107925801 0.026557066076509643 0.046374367622259695
0 0.1858994625355675 0.316610455311973 0.025292443882390134 0.03625632377740304
0 0.14479924122668353 0.357504215851602 0.04268099905153335 0.047639123102866776
0 0.12045526398988302 0.36129848229342326 0.036041732532405946 0.05185497470489039
0 0.08125197597217831 0.35075885328836426 0.03699019917799557 0.05311973018549747
0 0.04268099905153335 0.3625632377740304 0.03699019917799557 0.045109612141652614
0 0.012013910844135315 0.35961214165261385 0.030034777110338286 0.047639123102866776
0 0.18779639582674676 0.35497470489038785 0.0325640214985773 0.049747048903878585
0 0.20644957319000948 0.31871838111298484 0.03920328801770471 0.047217537942664416
0 0.2213088839709137 0.3591905564924115 0.03983559911476446 0.045109612141652614
0 0.2484982611444831 0.3288364249578415 0.032880177047107176 0.03962900505902192
0 0.22889661713563073 0.29047217537942666 0.03730635472652545 0.04258010118043845
0 0.2617767941827379 0.35961214165261385 0.03414479924122668 0.04384485666104553
0 0.26651912741068606 0.29300168634064083 0.02971862156180841 0.04300168634064081
0 0.28232690483717987 0.3305227655986509 0.03161555485298767 0.0366779089376054
0 0.29813468226367373 0.28920741989881954 0.03730635472652545 0.046795952782462055
0 0.3329117926019602 0.29215851602023607 0.038887132469174836 0.045109612141652614
0 0.3730635472652545 0.29215851602023607 0.03224786595004742 0.03836424957841484
0 0.3822320581726209 0.3128161888701518 0.03983559911476446 0.04426644182124789
0 0.3556749920961113 0.32504215851602025 0.02971862156180841 0.04131534569983136
0 0.29655390452102437 0.35623946037099496 0.03224786595004742 0.046374367622259695
0 0.31805248182105594 0.3305227655986509 0.030983243755927918 0.03583473861720068
0 0.330698703762251 0.3553962900505902 0.035725576983876066 0.04342327150084317
0 0.36895352513436613 0.3591905564924115 0.029086310464748657 0.04426644182124789
0 0.4005690799873538 0.3579258010118044 0.0325640214985773 0.04384485666104553
0 0.3967752134049953 0.29131534569983136 0.026557066076509643 0.021500843170320406
0 0.4144799241226684 0.3157672849915683 0.0189693329117926 0.03920741989881956
0 0.4331331014859311 0.3128161888701518 0.018653177363262725 0.03920741989881956
0 0.4226999683844451 0.29890387858347384 0.010749288650015808 0.026559865092748734
0 0.43471387922858046 0.3591905564924115 0.02877015491621878 0.045952782462057334
0 0.44862472336389503 0.3263069139966273 0.031931710401517543 0.04258010118043845
0 0.482137211508062 0.32841483979763914 0.027505532722099272 0.03962900505902192
0 0.4653809674359785 0.3650927487352445 0.027189377173569396 0.040893760539629
0 0.4938349668036674 0.36298482293423273 0.030350932658868162 0.04342327150084317
0 0.5124881441669301 0.3288364249578415 0.029402466013278533 0.04215851602023609
0 0.5453683212140373 0.3128161888701518 0.025292443882390134 0.023608768971332208
0 0.5441036990199178 0.33136593591905567 0.027189377173569396 0.040893760539629
0 0.5725576983876067 0.3309443507588533 0.03066708820739804 0.040893760539629
0 0.5267151438507746 0.36804384485666103 0.027821688270629148 0.04005059021922428
0 0.5567499209611129 0.36593591905564926 0.028137843819159025 0.04173693086003373
0 0.5874170091685109 0.3663575042158516 0.026557066076509643 0.04131534569983136
0 0.6168194751817895 0.3617200674536256 0.030350932658868162 0.045109612141652614
0 0.6490673411318368 0.3634064080944351 0.031931710401517543 0.04258010118043845
0 0.6288333860259248 0.3246205733558179 0.03446095478975656 0.04258010118043845
0 0.6493834966803668 0.2917369308600337 0.03382864369269681 0.04384485666104553
0 0.6835282959215935 0.2900505902192243 0.03129939930445779 0.03962900505902192
0 0.6645589630098008 0.32672849915682967 0.032880177047107176 0.04342327150084317
0 0.7170407840657603 0.2942664418212479 0.030983243755927918 0.03583473861720068
0 0.6993360733480872 0.32040472175379425 0.032880177047107176 0.051011804384485666
0 0.6813152070818843 0.3663575042158516 0.03351248814416693 0.04047217537942664
0 0.7167246285172305 0.3608768971332209 0.0325640214985773 0.04342327150084317
0 0.7347454947834334 0.3254637436762226 0.029402466013278533 0.04300168634064081
0 0.7496048055643376 0.29384485666104554 0.03509326588681631 0.04131534569983136
0 0.7673095162820107 0.327150084317032 0.033196332595637056 0.04173693086003373
0 0.7496048055643376 0.3634064080944351 0.0325640214985773 0.04468802698145025
0 0.7840657603540943 0.3617200674536256 0.02971862156180841 0.04468802698145025
0 0.8175782484982611 0.3591905564924115 0.03635788808093582 0.046795952782462055
0 0.7865950047423332 0.31155143338954466 0.03635788808093582 0.045952782462057334
0 0.8039835599114764 0.34780775716694773 0.0325640214985773 0.021922428330522766
0 0.7982927600379387 0.29553119730185495 0.027189377173569396 0.015598650927487353
0 0.8163136263041416 0.3022765598650928 0.025608599430920014 0.01770657672849916
0 0.8248498261144483 0.31323777403035413 0.03635788808093582 0.04300168634064081
0 0.8561492254189061 0.36129848229342326 0.03351248814416693 0.045531197301854974
0 0.864369269680683 0.32166947723440137 0.041732532405943726 0.04426644182124789
0 0.8921909579513121 0.3048060708263069 0.032880177047107176 0.023187183811129847
0 0.8912424913057224 0.36298482293423273 0.031931710401517543 0.04384485666104553
0 0.9079987353778058 0.32040472175379425 0.03509326588681631 0.045109612141652614
0 0.9266519127410686 0.3617200674536256 0.03699019917799557 0.03962900505902192
0 0.9652228896617135 0.35708263069139967 0.03129939930445779 0.046374367622259695
0 0.9418273790705027 0.316610455311973 0.0366740436294657 0.0387858347386172
0 0.9652228896617135 0.3039629005059022 0.0325640214985773 0.023187183811129847
0 0.9807145115396775 0.3233558178752108 0.019285488460322478 0.04342327150084317
0 0.930761934871957 0.29806070826306913 0.03161555485298767 0.016863406408094434
0 0.856465380967436 0.30522765598650925 0.02877015491621878 0.01854974704890388
0 0.8441353145747708 0.30269814502529513 0.018653177363262725 0.01433389544688027
0 0.0 0.4494097807757167 0.019285488460322478 0.03541315345699832
0 0.0003161555485298767 0.4839797639123103 0.02877015491621878 0.023608768971332208
0 0.017388555169143217 0.4709106239460371 0.021498577300031615 0.0290893760539629
0 0.024660132785330382 0.5029510961214165 0.024343977236800506 0.03372681281618887
0 0.03382864369269681 0.46838111298482293 0.036041732532405946 0.03541315345699832
0 0.07239962061334176 0.46585160202360876 0.023711666139740753 0.03752107925801012
0 0.0515333544103699 0.5063237774030354 0.029086310464748657 0.023608768971332208
0 0.06670882073980398 0.4430860033726813 0.03351248814416693 0.02023608768971332
0 0.10559595320897881 0.4430860033726813 0.030350932658868162 0.021079258010118045
0 0.10686057540309832 0.4671163575042159 0.03382864369269681 0.03288364249578415
0 0.08220044261776795 0.5 0.034777110338286434 0.04215851602023609
0 0.040784065760354093 0.5358347386172007 0.021814732848561492 0.04342327150084317
0 0.06354726525450521 0.5375210792580101 0.030350932658868162 0.04173693086003373
0 0.09579513120455264 0.5434232715008431 0.030350932658868162 0.03541315345699832
0 0.12266835282959215 0.5021079258010118 0.029402466013278533 0.03499156829679595
0 0.12962377489724944 0.5417369308600337 0.030350932658868162 0.03920741989881956
0 0.13942459690167563 0.45952782462057334 0.04015175466329434 0.03709949409780776
0 0.15839392981346823 0.4945193929173693 0.03920328801770471 0.03288364249578415
0 0.16218779639582676 0.5400505902192243 0.03446095478975656 0.04047217537942664
0 0.21941195067973443 0.44435075885328834 0.022130888397091368 0.03541315345699832
0 0.20423648435030034 0.4451939291736931 0.014859310780904205 0.03583473861720068
0 0.187164084729687 0.4675379426644182 0.010116977552956055 0.02740303541315346
0 0.19759721783117293 0.5370994940978078 0.03224786595004742 0.04047217537942664
0 0.23016123932975024 0.5362563237774031 0.035725576983876066 0.04215851602023609
0 0.26904837179892505 0.5366779089376054 0.029402466013278533 0.04215851602023609
0 0.2997154600063231 0.5366779089376054 0.03129939930445779 0.04342327150084317
0 0.3325956370534303 0.5324620573355818 0.0366740436294657 0.047217537942664416
0 0.3705343028770155 0.5324620573355818 0.03414479924122668 0.04384485666104553
0 0.40657603540942144 0.5274030354131535 0.035725576983876066 0.045109612141652614
0 0.3853936136579197 0.4869308600337268 0.038570976920644956 0.050590219224283306
0 0.3540942143534619 0.49620573355817876 0.030350932658868162 0.04215851602023609
0 0.3202655706607651 0.5 0.032880177047107176 0.03920741989881956
0 0.2835915270312994 0.4978920741989882 0.03635788808093582 0.045109612141652614
0 0.2503951944356623 0.49494097807757165 0.031931710401517543 0.046795952782462055
0 0.21466961745178628 0.49704890387858347 0.03382864369269681 0.04384485666104553
0 0.2374328169459374 0.46079258010118046 0.035725576983876066 0.04131534569983136
0 0.274423016123933 0.45868465430016864 0.03540942143534619 0.04426644182124789
0 0.3107809042048688 0.47133220910623946 0.028453999367688904 0.03541315345699832
0 0.3404995257666772 0.4629005059021922 0.030034777110338286 0.04131534569983136
0 0.3193171040151755 0.4548903878583474 0.031931710401517543 0.021922428330522766
0 0.35535883654758144 0.4468802698145025 0.028453999367688904 0.022765598650927487
0 0.37243123616819473 0.4565767284991568 0.03730635472652545 0.04215851602023609
0 0.41036990199178 0.4654300168634064 0.02687322162503952 0.030775716694772345
0 0.4258615238697439 0.510539629005059 0.021814732848561492 0.024873524451939293
0 0.43092001264622193 0.4978920741989882 0.02118242175150174 0.022765598650927487
0 0.4448308567815365 0.5265598650927488 0.03066708820739804 0.04426644182124789
0 0.4789756560227632 0.5282462057335582 0.03224786595004742 0.040893760539629
0 0.5147012330066393 0.5333052276559865 0.02877015491621878 0.03456998313659359
0 0.5463167878596269 0.5328836424957841 0.02687322162503952 0.03583473861720068
0 0.576983876067025 0.5379426644182125 0.029086310464748657 0.03752107925801012
0 0.5640214985773 0.5084317032040472 0.026240910527979767 0.03414839797639123
0 0.5292443882390135 0.5008431703204047 0.028453999367688904 0.03541315345699832
0 0.4894087891242491 0.5037942664418212 0.028137843819159025 0.031197301854974706
0 0.45684476762567183 0.4991568296795953 0.028453999367688904 0.031197301854974706
0 0.47423332279481506 0.4730185497470489 0.02877015491621878 0.030775716694772345
0 0.5112235219728106 0.4856661045531197 0.026557066076509643 0.03330522765598651
0 0.5494783433449257 0.48187183811129847 0.02687322162503952 0.03709949409780776
0 0.5301928548846032 0.45784148397976393 0.027505532722099272 0.03541315345699832
0 0.4966803667404363 0.45615514333895446 0.027505532722099272 0.03456998313659359
0 0.5245020550110654 0.44561551433389546 0.024660132785330382 0.01475548060708263
0 0.4988934555801454 0.4477234401349072 0.020866266202971863 0.012225969645868466
0 0.5706607650964275 0.4793423271500843 0.013278533038254822 0.026981450252951095
0 0.553904521024344 0.4599494097807757 0.012646221941195067 0.021922428330522766
0 0.5848877647802719 0.4945193929173693 0.01833702181473285 0.023608768971332208
0 0.584571609231742 0.5071669477234402 0.015175466329434081 0.024451939291736932
0 0.6057540309832438 0.531618887015177 0.03509326588681631 0.04342327150084317
0 0.6440088523553589 0.5299325463743676 0.03414479924122668 0.045952782462057334
0 0.6803667404362946 0.531618887015177 0.032880177047107176 0.04384485666104553
0 0.7135630730319317 0.5328836424957841 0.0325640214985773 0.04384485666104553
0 0.7464432500790389 0.531618887015177 0.03509326588681631 0.045952782462057334
0 0.7828011381599747 0.5320404721753794 0.03161555485298767 0.04384485666104553
0 0.7606702497628833 0.4991568296795953 0.033196332595637056 0.03920741989881956
0 0.7290546949098957 0.4991568296795953 0.030983243755927918 0.03836424957841484
0 0.6939614290230793 0.4966273187183811 0.030034777110338286 0.04173693086003373
0 0.661713563073032 0.49873524451939294 0.03129939930445779 0.03794266441821248
0 0.6237748972494467 0.489460370994941 0.03446095478975656 0.046374367622259695
0 0.6414796079671198 0.4662731871838111 0.03066708820739804 0.03541315345699832
0 0.6724628517230478 0.4688026981450253 0.02971862156180841 0.03372681281618887
0 0.7072399620613342 0.4633220910623946 0.030350932658868162 0.04005059021922428
0 0.7379070502687323 0.4679595278246206 0.03066708820739804 0.03752107925801012
0 0.7192538729054695 0.4418212478920742 0.03351248814416693 0.02951096121416526
0 0.6882706291495416 0.4422428330522766 0.02971862156180841 0.040893760539629
0 0.6553904521024344 0.4422428330522766 0.03129939930445779 0.03541315345699832
0 0.6070186531773633 0.4679595278246206 0.02402782168827063 0.03330522765598651
0 0.6079671198229529 0.49072512647554806 0.021498577300031615 0.0387858347386172
0 0.6310464748656339 0.45615514333895446 0.022447043945621244 0.02065767284991568
0 0.6329434081568132 0.44477234401349075 0.024660132785330382 0.01981450252951096
0 0.8134682263673727 0.5337268128161888 0.03635788808093582 0.03035413153456998
0 0.8197913373379703 0.5004215851602024 0.03351248814416693 0.024873524451939293
0 0.8349668036674044 0.4751264755480607 0.03066708820739804 0.03330522765598651
0 0.8106228264306039 0.4451939291736931 0.028137843819159025 0.03625632377740304
0 0.8065128042997155 0.48355817875210794 0.01833702181473285 0.02782462057335582
0 0.8330698703762252 0.4413996627318718 0.033196332595637056 0.030775716694772345
0 0.8605754030983244 0.44814502529510963 0.0366740436294657 0.04173693086003373
0 0.8593107809042049 0.48861720067453623 0.04773948782801138 0.045531197301854974
0 0.8959848245336706 0.4418212478920742 0.0379386658235852 0.048060708263069137
0 0.8956686689851406 0.6256323777403036 0.03699019917799557 0.045952782462057334
0 0.9042048687954474 0.6627318718381113 0.030983243755927918 0.04384485666104553
0 0.9162187796395826 0.6922428330522765 0.03161555485298767 0.031197301854974706
0 0.9253872905469491 0.709106239460371 0.043629465697122984 0.05227655986509275
0 0.9345558014543155 0.6205733558178752 0.0379386658235852 0.05354131534569983
0 0.9320265570660765 0.6669477234401349 0.043629465697122984 0.045109612141652614
0 0.9756560227631995 0.616779089376054 0.023395510591210877 0.03836424957841484
0 0.0009484666455896301 0.8031197301854974 0.004110022130888397 0.02824620573355818
0 0.002529244388239014 0.7938448566610455 0.02276319949415112 0.021500843170320406
0 0.02592475497944989 0.7938448566610455 0.028453999367688904 0.01897133220910624
0 0.055643376541258296 0.7946880269814502 0.015491621877963959 0.03962900505902192
0 0.06828959848245336 0.8111298482293423 0.029086310464748657 0.045531197301854974
0 0.08599430920012646 0.7963743676222597 0.01991779955738223 0.022765598650927487
0 0.00284539993676889 0.8296795952782462 0.03382864369269681 0.049325463743676225
0 0.10844135314574771 0.8360033726812817 0.04489408789124249 0.05185497470489039
0 0.0787227315839393 0.8697301854974705 0.03509326588681631 0.04005059021922428
0 0.016756244072083464 0.8747892074198989 0.04046791021182422 0.045952782462057334
0 0.0015807777426493834 0.8962900505902193 0.017704710717673097 0.0678752107925801
0 0.04773948782801138 0.8929173693086003 0.05406259879860892 0.05269814502529511
0 0.10275055327220993 0.9253794266441822 0.04015175466329434 0.03541315345699832
0 0.11634524185899463 0.8790050590219224 0.04837179892507114 0.048482293423271504
0 0.15586468542522922 0.8975548060708263 0.038887132469174836 0.06871838111298482
0 0.15839392981346823 0.8123946037099494 0.028137843819159025 0.0387858347386172
0 0.1858994625355675 0.801433389544688 0.02971862156180841 0.040893760539629
0 0.16408472968700602 0.7938448566610455 0.025608599430920014 0.024030354131534568
0 0.21498577300031615 0.8145025295109612 0.03382864369269681 0.05480607082630692
0 0.25292443882390137 0.8263069139966274 0.027189377173569396 0.0387858347386172
0 0.28264306038570974 0.8208263069139966 0.030034777110338286 0.04426644182124789
0 0.38444514701233007 0.8241989881956155 0.027505532722099272 0.045109612141652614
0 0.22858046158710085 0.8478077571669477 0.029086310464748657 0.040893760539629
0 0.26651912741068606 0.8520236087689713 0.029086310464748657 0.03372681281618887
0 0.31805248182105594 0.8271500843170321 0.030034777110338286 0.03920741989881956
0 0.19886184002529245 0.9072512647554806 0.038570976920644956 0.05354131534569983
0 0.2374328169459374 0.8975548060708263 0.03951944356623459 0.049325463743676225
0 0.2779007271577616 0.8891231028667791 0.03635788808093582 0.048060708263069137
0 0.3183686373695858 0.886593591905565 0.04110022130888397 0.06155143338954469
0 0.36832121403730633 0.8790050590219224 0.02971862156180841 0.0678752107925801
0 0.5327220992728422 0.918212478920742 0.03129939930445779 0.05691399662731872
0 0.5833069870376225 0.9026138279932546 0.038570976920644956 0.07293423271500843
0 0.6253556749920961 0.9093591905564924 0.03509326588681631 0.06829679595278246
0 0.6231425861523869 0.8326306913996627 0.032880177047107176 0.07925801011804384
0 0.48593107809042047 0.8246205733558178 0.03066708820739804 0.07588532883642496
0 0.45526398988302247 0.831787521079258 0.030983243755927918 0.06281618887015177
0 0.4110022130888397 0.8250421585160203 0.03762251027505533 0.0775716694772344
0 0.5554852987669934 0.7989038785834739 0.028137843819159025 0.03836424957841484
0 0.6737274739171673 0.7963743676222597 0.03382864369269681 0.02951096121416526
0 0.648751185583307 0.8322091062394603 0.031931710401517543 0.03288364249578415
0 0.6930129623774898 0.7951096121416527 0.028137843819159025 0.03962900505902192
0 0.687006006955422 0.8313659359190556 0.030350932658868162 0.022765598650927487
0 0.6693012962377489 0.8520236087689713 0.03446095478975656 0.026981450252951095
0 0.6626620297186215 0.9013490725126475 0.034777110338286434 0.056070826306914
0 0.6778374960480557 0.8693086003372681 0.03635788808093582 0.04468802698145025
0 0.7002845399936769 0.9080944350758853 0.03920328801770471 0.05143338954468803
0 0.7170407840657603 0.8870151770657673 0.049320265570660764 0.04468802698145025
0 0.7255769838760671 0.8579258010118044 0.04521024343977237 0.04426644182124789
0 0.7369585836231426 0.7980607082630692 0.0366740436294657 0.03836424957841484
0 0.7265254505216566 0.8279932546374368 0.036041732532405946 0.02951096121416526
0 0.7489724944672779 0.9118887015177066 0.03414479924122668 0.05564924114671164
0 0.7679418273790705 0.8722596964586846 0.028137843819159025 0.048060708263069137
0 0.7884919380335125 0.9097807757166948 0.036041732532405946 0.05185497470489039
0 0.6604489408789124 0.9582630691399663 0.030034777110338286 0.04005059021922428
0 0.7066076509642745 0.9637436762225969 0.023395510591210877 0.03541315345699832
0 0.754030983243756 0.959106239460371 0.03382864369269681 0.04005059021922428
0 0.7922858046158711 0.9624789207419899 0.018020866266202973 0.0366779089376054
0 0.7944988934555801 0.8393760539629005 0.03446095478975656 0.051011804384485666
0 0.8090420486879545 0.8950252951096122 0.03414479924122668 0.045109612141652614
0 0.8245336705659184 0.9333895446880269 0.03509326588681631 0.046374367622259695
0 0.8232690483717989 0.8355817875210793 0.04046791021182422 0.02782462057335582
0 0.7916534935188112 0.7993254637436762 0.04521024343977237 0.03204047217537943
0 0.8330698703762252 0.8659359190556493 0.0420486879544736 0.049747048903878585
0 0.8438191590262409 0.9123102866779089 0.03446095478975656 0.03330522765598651
0 0.08251659816629782 0.2525295109612142 0.008852355358836548 0.00463743676222597
0 0.8529876699336073 0.5337268128161888 0.0379386658235852 0.045109612141652614
0 0.8953525134366108 0.5370994940978078 0.03382864369269681 0.04173693086003373
0 0.9108441353145748 0.5004215851602024 0.03129939930445779 0.03625632377740304
0 0.9279165349351881 0.47554806070826305 0.02971862156180841 0.03414839797639123
0 0.9320265570660765 0.4460370994940978 0.01707239962061334 0.031618887015177066
0 0.9481504900411002 0.44097807757166946 0.038887132469174836 0.026981450252951095
0 0.9601644008852356 0.4654300168634064 0.038570976920644956 0.04005059021922428
0 0.9889345558014543 0.4523608768971332 0.010116977552956055 0.024873524451939293
0 0.930761934871957 0.5328836424957841 0.0366740436294657 0.04384485666104553
0 0.9503635788808094 0.5071669477234402 0.032880177047107176 0.03541315345699832
0 0.9718621561808409 0.5333052276559865 0.026557066076509643 0.047639123102866776
0 0.987037622510275 0.5050590219224284 0.012330066392665191 0.025716694772344013
0 0.8637369585836231 0.6403878583473862 0.03446095478975656 0.046795952782462055
0 0.8289598482453368 0.627318718381113 0.034777110338286434 0.04005059021922428
0 0.828327537148277 0.6606239460370995 0.044261776794182736 0.040893760539629
0 0.8703762251027506 0.677487352445194 0.034777110338286434 0.05522765598650928
0 0.833386025924755 0.693929173693086 0.04521024343977237 0.05227655986509275
0 0.01833702181473285 0.8115514333895447 0.040784065760354093 0.03920741989881956
0 0.7910211824217515 0.6686340640809444 0.03730635472652545 0.05227655986509275
0 0.7951312045526399 0.6306913996627319 0.034777110338286434 0.03920741989881956
0 0.049320265570660764 0.8473861720067454 0.03224786595004742 0.04047217537942664
0 0.7711033828643693 0.6644182124789207 0.02118242175150174 0.04215851602023609
0 0.1059121087575087 0.7930016863406408 0.04236484350300348 0.04384485666104553
0 0.766677205184951 0.6176222596964587 0.02687322162503952 0.047217537942664416
0 0.7331647170407841 0.6593591905564924 0.032880177047107176 0.04426644182124789
0 0.7350616503319634 0.6395446880269815 0.0325640214985773 0.02824620573355818
0 0.7379070502687323 0.7040472175379426 0.03762251027505533 0.046795952782462055
0 0.6993360733480872 0.7040472175379426 0.031931710401517543 0.051011804384485666
0 0.6933291179260196 0.6526138279932546 0.031931710401517543 0.048060708263069137
0 0.6623458741700917 0.7048903878583473 0.030034777110338286 0.050168634064080946
0 0.6636104963642112 0.6627318718381113 0.024660132785330382 0.040893760539629
0 0.9772368005058488 0.6568296795952783 0.020866266202971863 0.04215851602023609
0 0.6278849193803351 0.6956155143338955 0.02877015491621878 0.05438448566610455
0 0.5962693645273475 0.7040472175379426 0.02592475497944989 0.045952782462057334
0 0.6300980082200442 0.6416526138279932 0.02971862156180841 0.050168634064080946
0 0.5997470755611761 0.6526138279932546 0.02687322162503952 0.046374367622259695
0 0.6506481188744863 0.6163575042158516 0.027505532722099272 0.024873524451939293
0 0.6193487195700285 0.6201517706576728 0.027505532722099272 0.01981450252951096
0 0.5592791653493518 0.7103709949409781 0.02971862156180841 0.03920741989881956
0 0.5608599430920013 0.6602023608768971 0.028137843819159025 0.04173693086003373
0 0.5251343661081253 0.6568296795952783 0.02877015491621878 0.046795952782462055
0 0.5241858994625356 0.7027824620573356 0.02971862156180841 0.049325463743676225
0 0.4887764780271894 0.7006745362563238 0.028453999367688904 0.05354131534569983
0 0.49320265570660765 0.6526138279932546 0.028137843819159025 0.046795952782462055
0 0.45779323427126145 0.693929173693086 0.02687322162503952 0.05311973018549747
0 0.45652861207714196 0.6467116357504216 0.02971862156180841 0.048060708263069137
0 0.41985456844767627 0.6973018549747049 0.031931710401517543 0.051011804384485666
0 0.4233322794815049 0.6521922428330523 0.030034777110338286 0.04258010118043845
0 0.3866582358520392 0.6462900505902193 0.03224786595004742 0.046795952782462055
0 0.3822320581726209 0.6964586846543002 0.03066708820739804 0.050168634064080946
0 0.36263041416376857 0.6526138279932546 0.025292443882390134 0.050590219224283306
0 0.35030034777110336 0.7036256323777403 0.028137843819159025 0.04342327150084317
0 0.32216250395194435 0.6479763912310287 0.03414479924122668 0.049747048903878585
0 0.31141321530192856 0.6947723440134908 0.032880177047107176 0.05227655986509275
0 0.2889661713563073 0.654300168634064 0.03066708820739804 0.04215851602023609
0 0.27600379386658236 0.695193929173693 0.030983243755927918 0.045952782462057334
0 0.2816945937401201 0.6353288364249579 0.026557066076509643 0.024451939291736932
0 0.33544103699019917 0.6285834738617201 0.027189377173569396 0.016441821247892074
0 0.23838128359152702 0.6935075885328836 0.032880177047107176 0.049325463743676225
0 0.2443882390135947 0.657672849915683 0.036041732532405946 0.04215851602023609
0 0.19348719570028455 0.6871838111298483 0.04110022130888397 0.05649241146711636
0 0.1979133733797028 0.6551433389544689 0.04331331014859311 0.03920741989881956
0 0.16408472968700602 0.6842327150084317 0.027821688270629148 0.03625632377740304
0 0.11286753082516598 0.7006745362563238 0.04331331014859311 0.047639123102866776
0 0.12203604173253241 0.6618887015177066 0.03951944356623459 0.04342327150084317
0 0.0758773316471704 0.6977234401349073 0.03699019917799557 0.048060708263069137
0 0.08314890926335758 0.6631534569983136 0.0366740436294657 0.040893760539629
0 0.027189377173569396 0.7002529510961214 0.04521024343977237 0.050168634064080946
0 0.03825482137211508 0.6618887015177066 0.04015175466329434 0.03794266441821248
0 0.0006323110970597534 0.6994097807757167 0.02592475497944989 0.045531197301854974
0 0.0 0.6627318718381113 0.0366740436294657 0.03920741989881956
0 0.0 0.6395446880269815 0.019285488460322478 0.02993254637436762
0 0.034777110338286434 0.6433389544688027 0.0325640214985773 0.024873524451939293
0 0.020550110654441987 0.8086003372681282 0.03730635472652545 0.05564924114671164
0 0.05121719886184003 0.8473861720067454 0.02971862156180841 0.04173693086003373
0 0.1071767309516282 0.7938448566610455 0.04394562124565286 0.03709949409780776
0 0.17135630730319318 0.852866779089376 0.038887132469174836 0.047639123102866776
0 0.27600379386658236 0.938026981450253 0.03699019917799557 0.03456998313659359
0 0.3183686373695858 0.948566610455312 0.03066708820739804 0.04342327150084317
0 0.36389503635788806 0.9468802698145026 0.03066708820739804 0.04300168634064081
0 0.40341447992412266 0.9055649241146712 0.03066708820739804 0.07040472175379427
0 0.44830856781536516 0.898397976391231 0.032880177047107176 0.07419898819561552
0 0.42017072399620614 0.7925801011804384 0.031931710401517543 0.03836424957841484
0 0.5096427442301612 0.8482293423271501 0.0366740436294657 0.06365935919055649
0 0.4925703446095479 0.9055649241146712 0.030983243755927918 0.06703204047217538
0 0.5516914321846348 0.8397976391231029 0.03540942143534619 0.07377740303541315
0 0.582042364843503 0.8279932546374368 0.03825482137211508 0.07546374367622259
0 0.6354726525450521 0.8026981450252951 0.02877015491621878 0.03499156829679595
0 0.6095478975656022 0.7980607082630692 0.025292443882390134 0.030775716694772345
0 0.8687954473601012 0.8355817875210793 0.033196332595637056 0.049325463743676225
0 0.8858678469807145 0.8056492411467117 0.03762251027505533 0.03541315345699832
0 0.9279165349351881 0.81070826306914 0.038570976920644956 0.03456998313659359
0 0.9737590894720203 0.8094435075885329 0.024976288333860258 0.03541315345699832
0 0.953841289914638 0.8435919055649241 0.034777110338286434 0.02993254637436762
0 0.9061018020866266 0.8465430016863407 0.040784065760354093 0.050168634064080946
0 0.889661713563073 0.8895446880269815 0.038570976920644956 0.05438448566610455
0 0.9326588681631363 0.9173693086003373 0.024976288333860258 0.047639123102866776
0 0.8706923806512804 0.93929173693086 0.04679102118242175 0.031618887015177066
0 0.9453050901043313 0.8709949409780776 0.027505532722099272 0.048482293423271504
0 0.966487511855833 0.9148397976391232 0.03161555485298767 0.04468802698145025
0 0.08346506481188745 0.265177065767285 0.03540942143534619 0.013069139966273187
0 0.26904837179892505 0.2668634064080944 0.03161555485298767 0.01517706576728499
0 0.46822636737274737 0.26644182124789206 0.03762251027505533 0.01475548060708263
0 0.6623458741700917 0.26559865092748736 0.04394562124565286 0.01433389544688027
0 0.9042048687954474 0.265177065767285 0.03382864369269681 0.013069139966273187
0 0.907682579829276 0.41863406408094433 0.03446095478975656 0.01517706576728499
0 0.48276952260512174 0.41779089376053963 0.03951944356623459 0.01770657672849916
0 0.09294973126778375 0.41989881956155145 0.03509326588681631 0.0193929173693086
0 0.09263357571925387 0.5952782462057336 0.04015175466329434 0.023608768971332208
0 0.6120771419538413 0.5919055649241147 0.04268099905153335 0.021079258010118045
0 0.9184318684792918 0.5940134907251264 0.03635788808093582 0.022765598650927487
0 0.9320265570660765 0.7774030354131535 0.035725576983876066 0.021922428330522766
0 0.47138792285804615 0.7761382799325464 0.03951944356623459 0.022765598650927487
0 0.3958267467594056 0.771079258010118 0.03762251027505533 0.01770657672849916
0 0.1966487511855833 0.7723440134907251 0.041416376857413846 0.0193929173693086
0 0.0 0.5649241146711635 0.0 0.0
