0 0.83175 0.5343333333333333 0.07775 0.13833333333333334
0 0.96825 0.421 0.0315 0.037
0 0.87825 0.4206666666666667 0.04825 0.03766666666666667
0 0.798 0.4256666666666667 0.04975 0.035666666666666666
0 0.2485 0.4136666666666667 0.07475 0.05
0 0.642 0.579 0.0875 0.11766666666666667
0 0.7695 0.5533333333333333 0.08575 0.12566666666666668
0 0.33725 0.5673333333333334 0.078 0.15866666666666668
0 0.82825 0.6833333333333333 0.0525 0.03866666666666667
0 0.0545 0.0003333333333333333 0.06875 0.041666666666666664
0 0.136 0.0 0.0645 0.07733333333333334
0 0.207 0.0 0.062 0.08466666666666667
0 0.27375 0.0013333333333333333 0.06975 0.095
0 0.3455 0.0 0.057 0.10366666666666667
0 0.6385 0.0003333333333333333 0.0615 0.141
0 0.69175 0.004666666666666667 0.0505 0.14066666666666666
0 0.7375 0.0006666666666666666 0.06075 0.15466666666666667
0 0.8165 0.08466666666666667 0.05775 0.07866666666666666
0 0.8665 0.076 0.068 0.095
0 0.91425 0.050666666666666665 0.08525 0.13033333333333333
0 0.94775 0.2693333333333333 0.05175 0.129
0 0.86925 0.258 0.13075 0.16
0 0.49375 0.7803333333333333 0.152 0.083
0 0.57025 0.5673333333333334 0.0 0.0003333333333333333
0 0.8925 0.538 0.0565 0.13
0 0.61175 0.7056666666666667 0.06 0.044333333333333336
0 0.11525 0.5336666666666666 0.13525 0.204
0 0.47075 0.11633333333333333 0.06175 0.04833333333333333
0 0.0865 0.41 0.0805 0.050333333333333334
0 0.987 0.6653333333333333 0.0125 0.032
0 0.34225 0.7323333333333333 0.0665 0.04633333333333333
0 0.98925 0.9513333333333334 0.0105 0.029666666666666668
0 0.00025 0.0006666666666666666 0.04725 0.029666666666666668
0 0.95675 0.7586666666666667 0.04275 0.13566666666666666
0 0.00125 0.5323333333333333 0.10425 0.21933333333333332
0 0.5625 0.4196666666666667 0.0605 0.04
0 0.8305 0.9826666666666667 0.054 0.017
0 0.69775 0.26033333333333336 0.126 0.158
0 0.61275 0.25266666666666665 0.1225 0.165
0 0.7215 0.7656666666666667 0.09875 0.21366666666666667
0 0.8155 0.7433333333333333 0.05725 0.18366666666666667
0 0.2575 0.572 0.087 0.15666666666666668
0 0.41275 0.5826666666666667 0.08725 0.137
0 0.566 0.5593333333333333 0.09675 0.144
0 0.71975 0.5583333333333333 0.0745 0.12833333333333333
0 0.106 0.06833333333333333 0.077 0.05533333333333333
0 0.23 0.085 0.07175 0.054
0 0.36575 0.10266666666666667 0.0655 0.051
0 0.36325 0.22366666666666668 0.133 0.18966666666666668
0 0.2125 0.193 0.154 0.22033333333333333
0 0.07525 0.25633333333333336 0.16275 0.15366666666666667
0 0.002 0.2663333333333333 0.08 0.13766666666666666
0 0.1585 0.859 0.155 0.14066666666666666
0 0.307 0.8526666666666667 0.1045 0.147
0 0.58925 0.129 0.05825 0.04766666666666667
0 0.70175 0.14633333333333334 0.0535 0.043333333333333335
0 0.86125 0.16466666666666666 0.04575 0.04033333333333333
0 0.015 0.763 0.083 0.053
0 0.4835 0.0 0.06025 0.12133333333333333
0 0.58925 0.0003333333333333333 0.05 0.13366666666666666
0 0.5015 0.22566666666666665 0.12125 0.19333333333333333
0 0.0095 0.8046666666666666 0.1535 0.19533333333333333
0 0.402 0.7873333333333333 0.1505 0.21133333333333335
0 0.4965 0.5826666666666667 0.0975 0.12633333333333333
0 0.93175 0.53 0.051 0.13433333333333333
0 0.7865 0.25 0.1235 0.16866666666666666
0 0.868 0.09733333333333333 0.035 0.07066666666666667
0 0.4175 0.0003333333333333333 0.06125 0.113
0 0.5425 0.0006666666666666666 0.05525 0.12933333333333333
0 0.62825 0.7823333333333333 0.1285 0.21733333333333332
0 0.98075 0.54 0.019 0.12166666666666667
0 0.524 0.8533333333333334 0.12075 0.14633333333333334
0 0.85375 0.734 0.127 0.182
