0 0.9681712962962963 0.003472222222222222 0.03125 0.09266493055555555
0 0.9224537037037037 0.006944444444444444 0.04369212962962963 0.08940972222222222
0 0.8752893518518519 0.005208333333333333 0.04513888888888889 0.08984375
0 0.8266782407407407 0.004123263888888889 0.04658564814814815 0.08940972222222222
0 0.7792245370370371 0.003472222222222222 0.044849537037037035 0.08854166666666667
0 0.7288773148148148 0.00390625 0.04832175925925926 0.08854166666666667
0 0.6802662037037037 0.004340277777777778 0.047453703703703706 0.0881076388888889
0 0.6299189814814815 0.005425347222222222 0.049479166666666664 0.08745659722222222
0 0.5842013888888888 0.010199652777777778 0.044849537037037035 0.08745659722222222
0 0.5335648148148148 0.004123263888888889 0.048900462962962965 0.08832465277777778
0 0.48148148148148145 0.001736111111111111 0.05005787037037037 0.08897569444444445
0 0.43287037037037035 0.0015190972222222222 0.04716435185185185 0.0896267361111111
0 0.3822337962962963 0.0010850694444444445 0.04918981481481482 0.08897569444444445
0 0.3333333333333333 0.0015190972222222222 0.04774305555555555 0.08940972222222222
0 0.2824074074074074 0.0008680555555555555 0.049479166666666664 0.08832465277777778
0 0.23148148148148148 0.0006510416666666666 0.048900462962962965 0.0876736111111111
0 0.1831597222222222 0.0006510416666666666 0.047453703703703706 0.08875868055555555
0 0.13136574074074073 0.00021701388888888888 0.050347222222222224 0.08875868055555555
0 0.08159722222222222 0.0 0.048032407407407406 0.09114583333333333
0 0.030381944444444444 0.0 0.049479166666666664 0.09136284722222222
0 0.0005787037037037037 0.00043402777777777775 0.027777777777777776 0.09092881944444445
0 0.9704861111111112 0.09678819444444445 0.029513888888888888 0.0881076388888889
0 0.9267939814814815 0.0974392361111111 0.04282407407407408 0.08680555555555555
0 0.8787615740740741 0.09700520833333333 0.045717592592592594 0.08702256944444445
0 0.8287037037037037 0.09505208333333333 0.047453703703703706 0.08897569444444445
0 0.78125 0.09375 0.04513888888888889 0.0915798611111111
0 0.7314814814814815 0.09309895833333333 0.046875 0.09049479166666667
0 0.6811342592592593 0.0935329861111111 0.04716435185185185 0.08984375
0 0.6322337962962963 0.09375 0.04658564814814815 0.08875868055555555
0 0.5856481481481481 0.09830729166666667 0.04456018518518518 0.08528645833333333
0 0.5358796296296297 0.0954861111111111 0.046875 0.08637152777777778
0 0.48234953703703703 0.09288194444444445 0.049479166666666664 0.09027777777777778
0 0.43460648148148145 0.091796875 0.04600694444444445 0.09136284722222222
0 0.3839699074074074 0.091796875 0.048032407407407406 0.09114583333333333
0 0.33275462962962965 0.09223090277777778 0.049479166666666664 0.09071180555555555
0 0.2829861111111111 0.09027777777777778 0.048032407407407406 0.09223090277777778
0 0.23177083333333334 0.08940972222222222 0.04918981481481482 0.09244791666666667
0 0.18113425925925927 0.09071180555555555 0.048900462962962965 0.09114583333333333
0 0.13078703703703703 0.09136284722222222 0.048032407407407406 0.09114583333333333
0 0.07957175925925926 0.09223090277777778 0.048900462962962965 0.0900607638888889
0 0.02806712962962963 0.09309895833333333 0.05005787037037037 0.09071180555555555
0 0.0 0.09266493055555555 0.02662037037037037 0.0900607638888889
0 0.9739583333333334 0.2319878472222222 0.026041666666666668 0.09049479166666667
0 0.9244791666666666 0.232421875 0.04774305555555555 0.0900607638888889
0 0.8773148148148148 0.2326388888888889 0.04513888888888889 0.09071180555555555
0 0.8327546296296297 0.2328559027777778 0.04282407407407408 0.09114583333333333
0 0.7850115740740741 0.22981770833333334 0.046296296296296294 0.0915798611111111
0 0.7372685185185185 0.2289496527777778 0.04600694444444445 0.09244791666666667
0 0.6875 0.2280815972222222 0.04976851851851852 0.09375
0 0.6385995370370371 0.2280815972222222 0.047453703703703706 0.0935329861111111
0 0.5891203703703703 0.2287326388888889 0.048032407407407406 0.09440104166666667
0 0.5387731481481481 0.22960069444444445 0.04861111111111111 0.0935329861111111
0 0.48842592592592593 0.22916666666666666 0.04774305555555555 0.0935329861111111
0 0.4348958333333333 0.22916666666666666 0.05063657407407408 0.09288194444444445
0 0.38657407407407407 0.2287326388888889 0.04658564814814815 0.09288194444444445
0 0.3368055555555556 0.2287326388888889 0.04716435185185185 0.0935329861111111
0 0.2867476851851852 0.22960069444444445 0.048032407407407406 0.09309895833333333
0 0.23668981481481483 0.2300347222222222 0.04832175925925926 0.09288194444444445
0 0.1869212962962963 0.22981770833333334 0.04832175925925926 0.09288194444444445
0 0.16001157407407407 0.24131944444444445 0.02546296296296296 0.08832465277777778
0 0.10648148148148148 0.2300347222222222 0.052083333333333336 0.09309895833333333
0 0.9745370370370371 0.3229166666666667 0.02488425925925926 0.09071180555555555
0 0.9265046296296297 0.3233506944444444 0.046875 0.0896267361111111
0 0.8787615740740741 0.32421875 0.046296296296296294 0.09049479166666667
0 0.8339120370370371 0.3246527777777778 0.04369212962962963 0.0876736111111111
0 0.7867476851851852 0.3226996527777778 0.04600694444444445 0.09049479166666667
0 0.7381365740740741 0.3226996527777778 0.04716435185185185 0.09071180555555555
0 0.6883680555555556 0.3229166666666667 0.04861111111111111 0.09244791666666667
0 0.6388888888888888 0.322265625 0.04832175925925926 0.09288194444444445
0 0.5894097222222222 0.3240017361111111 0.048032407407407406 0.0915798611111111
0 0.5396412037037037 0.32421875 0.048032407407407406 0.0920138888888889
0 0.4895833333333333 0.3237847222222222 0.048900462962962965 0.09244791666666667
0 0.4375 0.3229166666666667 0.04976851851851852 0.09375
0 0.38859953703703703 0.3229166666666667 0.046296296296296294 0.0935329861111111
0 0.3382523148148148 0.3229166666666667 0.04832175925925926 0.09375
0 0.28877314814814814 0.3235677083333333 0.048032407407407406 0.09288194444444445
0 0.23813657407407407 0.3237847222222222 0.048900462962962965 0.09309895833333333
0 0.18721064814814814 0.3240017361111111 0.04918981481481482 0.09244791666666667
0 0.1597222222222222 0.3311631944444444 0.02546296296296296 0.0857204861111111
0 0.10648148148148148 0.3244357638888889 0.052083333333333336 0.09266493055555555
0 0.05092592592592592 0.322265625 0.053530092592592594 0.09440104166666667
0 0.00028935185185185184 0.322265625 0.04861111111111111 0.09418402777777778
0 0.9759837962962963 0.45703125 0.024016203703703703 0.087890625
0 0.9288194444444444 0.4565972222222222 0.04513888888888889 0.08875868055555555
0 0.8802083333333334 0.4561631944444444 0.047453703703703706 0.0900607638888889
0 0.8330439814814815 0.4568142361111111 0.046296296296296294 0.09027777777777778
0 0.7858796296296297 0.4572482638888889 0.044270833333333336 0.09027777777777778
0 0.7369791666666666 0.4576822916666667 0.04774305555555555 0.0900607638888889
0 0.6863425925925926 0.4576822916666667 0.048900462962962965 0.09071180555555555
0 0.6420717592592593 0.4583333333333333 0.04311342592592592 0.0900607638888889
0 0.5931712962962963 0.4581163194444444 0.04716435185185185 0.09049479166666667
0 0.5483217592592593 0.4605034722222222 0.043402777777777776 0.08940972222222222
0 0.4991319444444444 0.4600694444444444 0.04716435185185185 0.0900607638888889
0 0.45023148148148145 0.4605034722222222 0.047453703703703706 0.08984375
0 0.40219907407407407 0.4609375 0.046875 0.0900607638888889
0 0.3524305555555556 0.4611545138888889 0.048032407407407406 0.09027777777777778
0 0.3029513888888889 0.4613715277777778 0.04774305555555555 0.09049479166666667
0 0.25318287037037035 0.4609375 0.048032407407407406 0.09136284722222222
0 0.2065972222222222 0.4618055555555556 0.04456018518518518 0.09092881944444445
0 0.15480324074074073 0.4624565972222222 0.049479166666666664 0.09071180555555555
0 0.1015625 0.4611545138888889 0.051215277777777776 0.09375
0 0.05787037037037037 0.4631076388888889 0.04224537037037037 0.09136284722222222
0 0.007233796296296296 0.4626736111111111 0.04918981481481482 0.09244791666666667
0 0.9829282407407407 0.5466579861111112 0.01707175925925926 0.09418402777777778
0 0.9331597222222222 0.5460069444444444 0.04600694444444445 0.0935329861111111
0 0.8833912037037037 0.5470920138888888 0.047453703703703706 0.09375
0 0.8353587962962963 0.5483940972222222 0.04658564814814815 0.09244791666666667
0 0.7893518518518519 0.5483940972222222 0.044270833333333336 0.0935329861111111
0 0.7395833333333334 0.5486111111111112 0.048032407407407406 0.09440104166666667
0 0.6895254629629629 0.5492621527777778 0.04861111111111111 0.0939670138888889
0 0.6455439814814815 0.5494791666666666 0.042534722222222224 0.09375
0 0.5963541666666666 0.5492621527777778 0.04774305555555555 0.09635416666666667
0 0.5494791666666666 0.5505642361111112 0.044270833333333336 0.09266493055555555
0 0.5008680555555556 0.5514322916666666 0.04716435185185185 0.09375
0 0.4508101851851852 0.5514322916666666 0.04832175925925926 0.0939670138888889
0 0.40219907407407407 0.5523003472222222 0.04716435185185185 0.09461805555555555
0 0.3527199074074074 0.552734375 0.04832175925925926 0.09483506944444445
0 0.30179398148148145 0.5531684027777778 0.048900462962962965 0.09483506944444445
0 0.2523148148148148 0.5533854166666666 0.047453703703703706 0.09526909722222222
0 0.20515046296296297 0.5538194444444444 0.045717592592592594 0.09440104166666667
0 0.15480324074074073 0.5540364583333334 0.048900462962962965 0.09613715277777778
0 0.10011574074074074 0.5559895833333334 0.05295138888888889 0.09635416666666667
0 0.056712962962962965 0.5553385416666666 0.04137731481481482 0.0954861111111111
0 0.004050925925925926 0.5557725694444444 0.05092592592592592 0.09635416666666667
0 0.9829282407407407 0.6775173611111112 0.01707175925925926 0.09635416666666667
0 0.9377893518518519 0.6766493055555556 0.04282407407407408 0.09678819444444445
0 0.8877314814814815 0.6779513888888888 0.04861111111111111 0.09852430555555555
0 0.8388310185185185 0.6781684027777778 0.047453703703703706 0.09830729166666667
0 0.7884837962962963 0.6786024305555556 0.047453703703703706 0.09830729166666667
0 0.7398726851851852 0.6786024305555556 0.04716435185185185 0.09852430555555555
0 0.6880787037037037 0.6801215277777778 0.04918981481481482 0.095703125
0 0.6423611111111112 0.6801215277777778 0.044270833333333336 0.09440104166666667
0 0.5960648148148148 0.6812065972222222 0.044849537037037035 0.09657118055555555
0 0.5460069444444444 0.6820746527777778 0.04832175925925926 0.099609375
0 0.49797453703703703 0.6840277777777778 0.04600694444444445 0.09461805555555555
0 0.4505208333333333 0.6822916666666666 0.046875 0.09895833333333333
0 0.40133101851851855 0.6848958333333334 0.046875 0.09657118055555555
0 0.35532407407407407 0.6857638888888888 0.04456018518518518 0.0935329861111111
0 0.3035300925925926 0.6870659722222222 0.04918981481481482 0.09657118055555555
0 0.25289351851851855 0.6851128472222222 0.04861111111111111 0.1017795138888889
0 0.2013888888888889 0.6885850694444444 0.049479166666666664 0.10460069444444445
0 0.15248842592592593 0.6883680555555556 0.04774305555555555 0.1032986111111111
0 0.09519675925925926 0.69140625 0.05150462962962963 0.10460069444444445
0 0.04398148148148148 0.6909722222222222 0.04976851851851852 0.10503472222222222
0 0.00028935185185185184 0.6903211805555556 0.04224537037037037 0.10416666666666667
0 0.9858217592592593 0.775390625 0.013020833333333334 0.09049479166666667
0 0.9395254629629629 0.7745225694444444 0.044849537037037035 0.091796875
0 0.8909143518518519 0.7777777777777778 0.04716435185185185 0.09136284722222222
0 0.8420138888888888 0.77734375 0.04716435185185185 0.09309895833333333
0 0.7931134259259259 0.7782118055555556 0.04658564814814815 0.09288194444444445
0 0.7421875 0.7786458333333334 0.04976851851851852 0.09505208333333333
0 0.6912615740740741 0.7769097222222222 0.04861111111111111 0.09440104166666667
0 0.6443865740740741 0.7751736111111112 0.04456018518518518 0.09288194444444445
0 0.5980902777777778 0.7799479166666666 0.04513888888888889 0.09244791666666667
0 0.5483217592592593 0.7829861111111112 0.04832175925925926 0.09526909722222222
0 0.5020254629629629 0.7805989583333334 0.04369212962962963 0.09266493055555555
0 0.4505208333333333 0.7827690972222222 0.048900462962962965 0.09440104166666667
0 0.40133101851851855 0.7827690972222222 0.04716435185185185 0.09266493055555555
0 0.35561342592592593 0.7805989583333334 0.04398148148148148 0.09309895833333333
0 0.3052662037037037 0.7847222222222222 0.048900462962962965 0.09288194444444445
0 0.2523148148148148 0.7881944444444444 0.050347222222222224 0.09418402777777778
0 0.20052083333333334 0.7942708333333334 0.05005787037037037 0.09613715277777778
0 0.1527777777777778 0.7936197916666666 0.04600694444444445 0.09440104166666667
0 0.09403935185185185 0.7977430555555556 0.05497685185185185 0.095703125
0 0.044270833333333336 0.7983940972222222 0.047453703703703706 0.09309895833333333
0 0.0014467592592592592 0.7966579861111112 0.041666666666666664 0.09309895833333333
0 0.9638310185185185 0.9105902777777778 0.03501157407407408 0.08832465277777778
0 0.9100115740740741 0.9136284722222222 0.05179398148148148 0.08550347222222222
0 0.8651620370370371 0.9151475694444444 0.041666666666666664 0.08355034722222222
0 0.8136574074074074 0.9166666666666666 0.04918981481481482 0.0822482638888889
0 0.6232638888888888 0.9220920138888888 0.04976851851851852 0.07703993055555555
0 0.5766782407407407 0.9231770833333334 0.044849537037037035 0.076171875
0 0.5251736111111112 0.9249131944444444 0.04918981481481482 0.0740017361111111
0 0.4756944444444444 0.9262152777777778 0.046875 0.07269965277777778
0 0.42679398148148145 0.9268663194444444 0.04658564814814815 0.072265625
0 0.37905092592592593 0.927734375 0.04513888888888889 0.07118055555555555
0 0.3269675925925926 0.9288194444444444 0.05063657407407408 0.0703125
0 0.27662037037037035 0.9296875 0.048032407407407406 0.06901041666666667
0 0.2259837962962963 0.9307725694444444 0.048032407407407406 0.0681423611111111
0 0.15596064814814814 0.9309895833333334 0.04832175925925926 0.0642361111111111
0 0.0014467592592592592 0.9581163194444444 0.03356481481481482 0.04014756944444445
0 0.06278935185185185 0.9796006944444444 0.051215277777777776 0.019097222222222224
0 0.6753472222222222 0.9876302083333334 0.04369212962962963 0.011501736111111112
0 0.7962962962962963 0.9429253472222222 0.015335648148148149 0.043402777777777776
0 0.7473958333333334 0.9691840277777778 0.04716435185185185 0.029513888888888888
0 0.75 0.9431423611111112 0.044270833333333336 0.024088541666666668
0 0.7983217592592593 0.1911892361111111 0.07002314814814815 0.020833333333333332
0 0.5052083333333334 0.18836805555555555 0.06770833333333333 0.021267361111111112
0 0.16377314814814814 0.1877170138888889 0.0708912037037037 0.022135416666666668
0 0.8075810185185185 0.4216579861111111 0.06799768518518519 0.021484375
0 0.5005787037037037 0.4227430555555556 0.06741898148148148 0.021701388888888888
0 0.18489583333333334 0.4244791666666667 0.07060185185185185 0.021267361111111112
0 0.8182870370370371 0.6521267361111112 0.06741898148148148 0.023654513888888888
0 0.5011574074074074 0.6571180555555556 0.06770833333333333 0.022352430555555556
0 0.18836805555555555 0.6610243055555556 0.07146990740740741 0.023003472222222224
0 0.8223379629629629 0.8891059027777778 0.06741898148148148 0.024088541666666668
0 0.5150462962962963 0.8980034722222222 0.06915509259259259 0.023654513888888888
0 0.1869212962962963 0.9036458333333334 0.07233796296296297 0.024739583333333332
0 0.9997106481481481 0.8962673611111112 0.0 0.06575520833333333
0 0.7881944444444444 0.9253472222222222 0.023148148148148147 0.014756944444444444
0 0.7442129629629629 0.9273003472222222 0.03732638888888889 0.014105902777777778
