0 0.011574074074074073 0.05233134920634921 0.06812169312169312 0.13616071428571427
0 0.08531746031746032 0.05357142857142857 0.06481481481481481 0.1349206349206349
0 0.15906084656084657 0.05357142857142857 0.06316137566137567 0.13839285714285715
0 0.2294973544973545 0.05406746031746032 0.055224867724867725 0.1378968253968254
0 0.2880291005291005 0.05233134920634921 0.05588624338624339 0.1416170634920635
0 0.35284391534391535 0.05530753968253968 0.05919312169312169 0.13740079365079366
0 0.4166666666666667 0.05282738095238095 0.057539682539682536 0.14037698412698413
0 0.4808201058201058 0.05282738095238095 0.06316137566137567 0.1416170634920635
0 0.5522486772486772 0.05580357142857143 0.0582010582010582 0.13616071428571427
0 0.6233465608465608 0.05233134920634921 0.057539682539682536 0.13839285714285715
0 0.6954365079365079 0.05282738095238095 0.055224867724867725 0.13690476190476192
0 0.7579365079365079 0.04985119047619048 0.06084656084656084 0.14211309523809523
0 0.8349867724867724 0.05233134920634921 0.06084656084656084 0.13839285714285715
0 0.906415343915344 0.05282738095238095 0.057539682539682536 0.1349206349206349
0 0.968584656084656 0.05233134920634921 0.031084656084656083 0.13442460317460317
0 0.9305555555555556 0.22842261904761904 0.06316137566137567 0.13268849206349206
0 0.8673941798941799 0.2296626984126984 0.057539682539682536 0.13194444444444445
0 0.8025793650793651 0.2279265873015873 0.05919312169312169 0.13442460317460317
0 0.7377645502645502 0.2279265873015873 0.0582010582010582 0.1324404761904762
0 0.6712962962962963 0.2296626984126984 0.059854497354497355 0.13194444444444445
0 0.6081349206349206 0.22743055555555555 0.059854497354497355 0.13368055555555555
0 0.544973544973545 0.2296626984126984 0.057539682539682536 0.13194444444444445
0 0.476521164021164 0.22916666666666666 0.056878306878306875 0.13665674603174602
0 0.40476190476190477 0.23040674603174602 0.06382275132275132 0.13194444444444445
0 0.3472222222222222 0.2296626984126984 0.051587301587301584 0.13194444444444445
0 0.2724867724867725 0.22916666666666666 0.06084656084656084 0.1331845238095238
0 0.2027116402116402 0.23040674603174602 0.06183862433862434 0.13293650793650794
0 0.13955026455026456 0.23288690476190477 0.05853174603174603 0.12748015873015872
0 0.01488095238095238 0.23214285714285715 0.0582010582010582 0.1307043650793651
0 0.0787037037037037 0.23040674603174602 0.056878306878306875 0.1307043650793651
0 0.0026455026455026454 0.3916170634920635 0.05324074074074074 0.1349206349206349
0 0.0625 0.39285714285714285 0.052248677248677246 0.1331845238095238
0 0.11904761904761904 0.3923611111111111 0.0496031746031746 0.1331845238095238
0 0.17526455026455026 0.390625 0.049933862433862435 0.13541666666666666
0 0.2318121693121693 0.3950892857142857 0.054563492063492064 0.13194444444444445
0 0.2923280423280423 0.39384920634920634 0.051587301587301584 0.13169642857142858
0 0.3505291005291005 0.3923611111111111 0.04861111111111111 0.13467261904761904
0 0.4080687830687831 0.39285714285714285 0.050595238095238096 0.13268849206349206
0 0.4669312169312169 0.39012896825396826 0.05092592592592592 0.13690476190476192
0 0.5251322751322751 0.3923611111111111 0.049933862433862435 0.1359126984126984
0 0.5810185185185185 0.3916170634920635 0.052248677248677246 0.13392857142857142
0 0.646494708994709 0.39285714285714285 0.05026455026455026 0.1314484126984127
0 0.7033730158730159 0.3933531746031746 0.054563492063492064 0.13268849206349206
0 0.7652116402116402 0.39112103174603174 0.052248677248677246 0.1359126984126984
0 0.8227513227513228 0.39186507936507936 0.05654761904761905 0.1341765873015873
0 0.8869047619047619 0.3923611111111111 0.05291005291005291 0.13368055555555555
0 0.9457671957671958 0.39285714285714285 0.052248677248677246 0.1314484126984127
0 0.0 0.5498511904761905 0.041666666666666664 0.1388888888888889
0 0.06646825396825397 0.5535714285714286 0.06183862433862434 0.1324404761904762
0 0.14583333333333334 0.5525793650793651 0.06316137566137567 0.13442460317460317
0 0.22420634920634921 0.5553075396825397 0.06415343915343916 0.13442460317460317
0 0.3062169312169312 0.5543154761904762 0.061507936507936505 0.13368055555555555
0 0.38326719576719576 0.5535714285714286 0.06646825396825397 0.1388888888888889
0 0.4685846560846561 0.5525793650793651 0.06415343915343916 0.1371527777777778
0 0.5482804232804233 0.5518353174603174 0.061507936507936505 0.13864087301587302
0 0.6322751322751323 0.5498511904761905 0.06415343915343916 0.13988095238095238
0 0.7106481481481481 0.5498511904761905 0.060515873015873016 0.1388888888888889
0 0.7972883597883598 0.5491071428571429 0.06283068783068783 0.1396329365079365
0 0.8743386243386243 0.5473710317460317 0.06316137566137567 0.1440972222222222
0 0.9540343915343915 0.5473710317460317 0.04563492063492063 0.14211309523809523
0 0.0 0.7145337301587301 0.04861111111111111 0.13343253968253968
0 0.054563492063492064 0.7155257936507936 0.047619047619047616 0.1324404761904762
0 0.10912698412698413 0.7155257936507936 0.054563492063492064 0.1324404761904762
0 0.16964285714285715 0.7110615079365079 0.05357142857142857 0.1378968253968254
0 0.22784391534391535 0.7100694444444444 0.05357142857142857 0.140625
0 0.28703703703703703 0.7199900793650794 0.05720899470899471 0.12896825396825398
0 0.3501984126984127 0.7162698412698413 0.05787037037037037 0.12996031746031747
0 0.4130291005291005 0.7189980158730159 0.05324074074074074 0.12648809523809523
0 0.47585978835978837 0.7189980158730159 0.04861111111111111 0.12822420634920634
0 0.5304232804232805 0.720734126984127 0.054563492063492064 0.12103174603174603
0 0.5932539682539683 0.7217261904761905 0.060515873015873016 0.12375992063492064
0 0.6610449735449735 0.7244543650793651 0.05324074074074074 0.12549603174603174
0 0.7228835978835979 0.7182539682539683 0.050595238095238096 0.1297123015873016
0 0.7817460317460317 0.7162698412698413 0.05489417989417989 0.12822420634920634
0 0.8422619047619048 0.7189980158730159 0.056216931216931214 0.12822420634920634
0 0.9077380952380952 0.7199900793650794 0.05324074074074074 0.12723214285714285
0 0.9742063492063492 0.7234623015873016 0.02546296296296296 0.12648809523809523
0 0.0013227513227513227 0.8819444444444444 0.030753968253968252 0.11656746031746032
0 0.03802910052910053 0.8819444444444444 0.06283068783068783 0.11780753968253968
0 0.10449735449735449 0.8836805555555556 0.056878306878306875 0.11607142857142858
0 0.17195767195767195 0.8826884920634921 0.05125661375661376 0.11706349206349206
0 0.22916666666666666 0.8836805555555556 0.05919312169312169 0.11607142857142858
0 0.2953042328042328 0.8782242063492064 0.052248677248677246 0.11929563492063493
0 0.3558201058201058 0.8826884920634921 0.05720899470899471 0.1158234126984127
0 0.4236111111111111 0.8782242063492064 0.049933862433862435 0.12103174603174603
0 0.4818121693121693 0.8826884920634921 0.05324074074074074 0.1158234126984127
0 0.5423280423280423 0.8826884920634921 0.0582010582010582 0.1148313492063492
0 0.607473544973545 0.8802083333333334 0.054563492063492064 0.11904761904761904
0 0.6703042328042328 0.8802083333333334 0.06283068783068783 0.11904761904761904
0 0.7463624338624338 0.8792162698412699 0.0582010582010582 0.11656746031746032
0 0.8128306878306878 0.8792162698412699 0.05555555555555555 0.11929563492063493
