0 0.9265350877192983 0.12362938596491228 0.06597222222222222 0.15762061403508773
0 0.8618421052631579 0.12390350877192982 0.05500730994152047 0.15378289473684212
0 0.16776315789473684 0.059484649122807015 0.031615497076023395 0.024945175438596492
0 0.38706140350877194 0.5696271929824561 0.02905701754385965 0.006304824561403508
0 0.9205043859649122 0.2826206140350877 0.06652046783625731 0.1455592105263158
0 0.8591008771929824 0.2826206140350877 0.05756578947368421 0.14912280701754385
0 0.793859649122807 0.12006578947368421 0.06597222222222222 0.15570175438596492
0 0.7256944444444444 0.10773026315789473 0.06816520467836257 0.1669407894736842
0 0.660453216374269 0.10882675438596491 0.06743421052631579 0.16145833333333334
0 0.5877192982456141 0.10307017543859649 0.0720029239766082 0.16036184210526316
0 0.5195540935672515 0.0962171052631579 0.06962719298245613 0.1650219298245614
0 0.44298245614035087 0.08031798245614036 0.07346491228070176 0.17955043859649122
0 0.7945906432748538 0.27247807017543857 0.062134502923976605 0.15350877192982457
0 0.7256944444444444 0.2735745614035088 0.06505847953216375 0.14884868421052633
0 0.6597222222222222 0.27028508771929827 0.066703216374269 0.15570175438596492
0 0.5862573099415205 0.26452850877192985 0.0712719298245614 0.16145833333333334
0 0.514985380116959 0.265625 0.06980994152046784 0.15926535087719298
0 0.4468201754385965 0.2612390350877193 0.06597222222222222 0.16365131578947367
0 0.3755482456140351 0.2543859649122807 0.06889619883040936 0.16474780701754385
0 0.3755482456140351 0.09073464912280702 0.06980994152046784 0.16365131578947367
0 0.3050073099415205 0.08278508771929824 0.07072368421052631 0.17132675438596492
0 0.3042763157894737 0.24643640350877194 0.07054093567251463 0.17160087719298245
0 0.22934941520467836 0.08854166666666667 0.07346491228070176 0.1680372807017544
0 0.23081140350877194 0.24396929824561403 0.07419590643274854 0.17406798245614036
0 0.1611842105263158 0.08717105263157894 0.06816520467836257 0.16831140350877194
0 0.15880847953216373 0.2519188596491228 0.0720029239766082 0.1650219298245614
0 0.0800438596491228 0.07456140350877193 0.07949561403508772 0.18092105263157895
0 0.01644736842105263 0.07017543859649122 0.06962719298245613 0.18421052631578946
0 0.0133406432748538 0.24972587719298245 0.066703216374269 0.16474780701754385
0 0.08296783625730994 0.24287280701754385 0.07437865497076024 0.17050438596491227
0 0.04075292397660819 0.5657894736842105 0.06615497076023392 0.15021929824561403
0 0.10124269005847954 0.5460526315789473 0.06834795321637427 0.1650219298245614
0 0.17288011695906433 0.569078947368421 0.06542397660818713 0.15981359649122806
0 0.23556286549707603 0.5504385964912281 0.06140350877192982 0.16392543859649122
0 0.2982456140350877 0.5701754385964912 0.06761695906432749 0.1493969298245614
0 0.36659356725146197 0.575109649122807 0.06652046783625731 0.15049342105263158
0 0.4371345029239766 0.5786732456140351 0.06432748538011696 0.14501096491228072
0 0.4342105263157895 0.7264254385964912 0.06615497076023392 0.15625
0 0.364766081871345 0.7245065789473685 0.06560672514619884 0.15899122807017543
0 0.30043859649122806 0.7236842105263158 0.0626827485380117 0.15707236842105263
0 0.24013157894736842 0.7228618421052632 0.057383040935672515 0.15460526315789475
0 0.17068713450292397 0.7236842105263158 0.06597222222222222 0.15652412280701755
0 0.10562865497076024 0.7118969298245614 0.06451023391812866 0.16666666666666666
0 0.04422514619883041 0.7160087719298246 0.05975877192982456 0.1513157894736842
0 0.0 0.7110745614035088 0.039108187134502925 0.14336622807017543
0 0.001644736842105263 0.5597587719298246 0.03983918128654971 0.15296052631578946
0 0.5063961988304093 0.5737390350877193 0.06341374269005848 0.1600877192982456
0 0.5031067251461988 0.731359649122807 0.060124269005847955 0.15021929824561403
0 0.5668859649122807 0.7247807017543859 0.062134502923976605 0.15570175438596492
0 0.6302997076023392 0.7294407894736842 0.060124269005847955 0.14638157894736842
0 0.6966374269005848 0.7264254385964912 0.06067251461988304 0.1524122807017544
0 0.7611476608187134 0.7264254385964912 0.06140350877192982 0.14857456140350878
0 0.8256578947368421 0.7256030701754386 0.05500730994152047 0.1455592105263158
0 0.8832236842105263 0.7190241228070176 0.06341374269005848 0.15213815789473684
0 0.8888888888888888 0.5789473684210527 0.05884502923976608 0.14967105263157895
0 0.8300438596491229 0.5789473684210527 0.05756578947368421 0.1474780701754386
0 0.7642543859649122 0.571546052631579 0.06505847953216375 0.15789473684210525
0 0.6990131578947368 0.5688048245614035 0.06341374269005848 0.16255482456140352
0 0.63578216374269 0.5688048245614035 0.0 0.0
0 0.05665204678362573 0.5038377192982456 0.036915204678362575 0.05071271929824561
0 0.042214912280701754 0.9616228070175439 0.04294590643274854 0.02412280701754386
0 0.09996345029239766 0.9660087719298246 0.039473684210526314 0.033717105263157895
0 0.17489035087719298 0.9608004385964912 0.036366959064327485 0.03344298245614035
0 0.24415204678362573 0.9632675438596491 0.033808479532163746 0.03289473684210526
0 0.30135233918128657 0.9671052631578947 0.03435672514619883 0.03289473684210526
0 0.35873538011695905 0.9665570175438597 0.03344298245614035 0.0268640350877193
0 0.4279970760233918 0.9723135964912281 0.02448830409356725 0.02631578947368421
0 0.4755116959064328 0.9679276315789473 0.030884502923976608 0.03125
0 0.5623172514619883 0.9742324561403509 0.031432748538011694 0.02549342105263158
0 0.6056286549707602 0.9665570175438597 0.03216374269005848 0.017269736842105265
0 0.679093567251462 0.9627192982456141 0.028326023391812866 0.03453947368421053
0 0.747624269005848 0.9660087719298246 0.02905701754385965 0.02823464912280702
0 0.8006213450292398 0.962171052631579 0.03892543859649123 0.029605263157894735
0 0.8519736842105263 0.9608004385964912 0.038559941520467836 0.025767543859649123
0 0.9161184210526315 0.9588815789473685 0.038559941520467836 0.023848684210526317
0 0.9713084795321637 0.9588815789473685 0.0 0.0
0 0.5765716374269005 0.5723684210526315 0.055738304093567254 0.15789473684210525
0 0.6379751461988304 0.5677083333333334 0.05939327485380117 0.16145833333333334
0 0.9502923976608187 0.578125 0.048793859649122806 0.1493969298245614
0 0.9495614035087719 0.7264254385964912 0.04952485380116959 0.14473684210526316
