0 0.0 0.029858704345507865 0.06944444444444445 0.16262330045321247
0 0.06266937669376693 0.029592108770994403 0.0714769647696477 0.16262330045321247
0 0.12533875338753386 0.028259130898427087 0.06300813008130081 0.1631564916022394
0 0.18699186991869918 0.027192748600373233 0.06910569105691057 0.16209010930418555
0 0.25474254742547425 0.025326579578778992 0.06808943089430894 0.16342308717675286
0 0.32723577235772355 0.023993601706211676 0.06131436314363144 0.1639562783257798
0 0.3882113821138211 0.021061050386563585 0.06300813008130081 0.16582244734737403
0 0.4644308943089431 0.01999466808850973 0.06131436314363144 0.1652892561983471
0 0.5264227642276422 0.018395094641428952 0.06233062330623306 0.16555585177286056
0 0.5901084010840109 0.018928285790455877 0.06029810298102981 0.16422287390029325
0 0.6646341463414634 0.01812849906691549 0.06266937669376693 0.16342308717675286
0 0.7293360433604336 0.011463609704078913 0.06504065040650407 0.1690215942415356
0 0.7923441734417345 0.012529992002132765 0.06063685636856368 0.16635563849640095
0 0.858739837398374 0.007731271660890429 0.06910569105691057 0.1703545721141029
0 0.0 0.31804852039456144 0.05521680216802168 0.14769394828045854
0 0.04708672086720867 0.3172487336710211 0.06673441734417344 0.1487603305785124
0 0.10636856368563685 0.31644894694748066 0.06707317073170732 0.1495601173020528
0 0.1673441734417344 0.31591575579845377 0.06300813008130081 0.14982671287656624
0 0.22459349593495934 0.3153825646494268 0.06402439024390244 0.1500933084510797
0 0.28692411924119243 0.3153825646494268 0.061991869918699184 0.1495601173020528
0 0.3472222222222222 0.3145827779258864 0.05962059620596206 0.14902692615302585
0 0.41192411924119243 0.314316182351373 0.05758807588075881 0.1487603305785124
0 0.47289972899729 0.3127166089042922 0.05589430894308943 0.1500933084510797
0 0.5338753387533876 0.31218341775526526 0.05555555555555555 0.15062649960010663
0 0.5968834688346883 0.31085043988269795 0.05724932249322493 0.1522260730471874
0 0.6568428184281843 0.3100506531591576 0.05758807588075881 0.15249266862170088
0 0.7181571815718157 0.3089842708611037 0.061653116531165314 0.1530258597707278
0 0.7808265582655827 0.30711810183950944 0.06029810298102981 0.1543588376432951
0 0.842140921409214 0.3060517195414556 0.06063685636856368 0.1551586243668355
0 0.00033875338753387534 0.5793121834177553 0.029132791327913278 0.12263396427619301
0 0.023712737127371274 0.5601173020527859 0.06266937669376693 0.14289522793921622
0 0.08265582655826559 0.5609170887763263 0.05521680216802168 0.14156225006664888
0 0.13719512195121952 0.5609170887763263 0.058265582655826556 0.14236203679018927
0 0.19681571815718157 0.5609170887763263 0.05623306233062331 0.14316182351372966
0 0.25474254742547425 0.5593175153292456 0.0535230352303523 0.14529458810983736
0 0.3089430894308943 0.5601173020527859 0.054878048780487805 0.14476139696081045
0 0.3628048780487805 0.5598507064782725 0.05420054200542006 0.14556118368435084
0 0.42140921409214094 0.5579845374566782 0.0521680216802168 0.14716075713143162
0 0.4752710027100271 0.5585177286057051 0.05860433604336043 0.1474273527059451
0 0.5399728997289973 0.5598507064782725 0.051829268292682924 0.1458277792588643
0 0.5978997289972899 0.5571847507331378 0.052845528455284556 0.1487603305785124
0 0.6544715447154471 0.5606504932018128 0.05386178861788618 0.14716075713143162
0 0.7110433604336044 0.559584110903759 0.05623306233062331 0.14849373500399893
0 0.7682926829268293 0.5515862436683551 0.05860433604336043 0.15622500666488937
0 0.8275745257452575 0.5582511330311917 0.05758807588075881 0.1495601173020528
0 0.019986449864498646 0.8643028525726473 0.0647018970189702 0.12609970674486803
0 0.08231707317073171 0.8675019994668088 0.06097560975609756 0.12290055985070648
0 0.143970189701897 0.8675019994668088 0.06775067750677506 0.1234337509997334
0 0.21239837398373984 0.8720341242335378 0.06402439024390244 0.11863503065849107
0 0.2774390243902439 0.8731005065315915 0.06368563685636856 0.12263396427619301
0 0.3448509485094851 0.8693681684884031 0.06063685636856368 0.1263663023193815
0 0.4078590785907859 0.8731005065315915 0.061991869918699184 0.12316715542521994
0 0.4722222222222222 0.8701679552119435 0.061991869918699184 0.12529992002132764
0 0.5409891598915989 0.8712343375099973 0.059959349593495935 0.12476672887230073
0 0.6067073170731707 0.8688349773393762 0.06063685636856368 0.12663289789389495
0 0.6710704607046071 0.8701679552119435 0.06029810298102981 0.12529992002132764
0 0.7378048780487805 0.8696347640629165 0.06266937669376693 0.12556651559584112
0 0.801829268292683 0.8677685950413223 0.06334688346883469 0.12743268461743534
0 0.8661924119241192 0.8635030658491069 0.06368563685636856 0.13196480938416422
0 0.633130081300813 0.18448413756331644 0.04369918699186992 0.04905358571047721
0 0.0 0.8856304985337243 0.022357723577235773 0.1018395094641429
0 0.0 0.8347107438016529 0.04573170731707317 0.07358037856571581
0 0.05894308943089431 0.8320447880565183 0.04539295392953929 0.07517995201279659
0 0.11314363143631437 0.8328445747800587 0.04844173441734417 0.08077845907757931
0 0.1717479674796748 0.8339109570781125 0.05115176151761518 0.09624100239936018
0 0.22357723577235772 0.837643295121301 0.05962059620596206 0.08824313516395628
0 0.29742547425474253 0.837643295121301 0.05250677506775068 0.08797653958944282
0 0.36212737127371275 0.837643295121301 0.0508130081300813 0.0887763263129832
0 0.4159891598915989 0.8381764862703279 0.05555555555555555 0.08850973073846974
0 0.4773035230352303 0.8381764862703279 0.05758807588075881 0.07891229005598507
0 0.5443766937669376 0.8368435083977606 0.05724932249322493 0.07358037856571581
0 0.6019647696476965 0.8368435083977606 0.05894308943089431 0.07144761396960811
0 0.6626016260162602 0.8379098906958145 0.05623306233062331 0.06611570247933884
0 0.7245934959349594 0.8357771260997068 0.0521680216802168 0.09224206878165822
0 0.7842140921409214 0.8352439349506798 0.05047425474254742 0.09037589976006398
0 0.8353658536585366 0.8101839509464143 0.059959349593495935 0.09944014929352173
0 0.8187669376693767 0.7827246067715276 0.049796747967479675 0.08051186350306586
0 0.7730352303523035 0.8061850173287124 0.044715447154471545 0.0693148493735004
0 0.7052845528455285 0.7997867235403893 0.047764227642276426 0.07704612103439083
0 0.6534552845528455 0.8091175686483605 0.04844173441734417 0.06318315115969075
0 0.6016260162601627 0.808850973073847 0.0521680216802168 0.0570514529458811
0 0.5433604336043361 0.8083177819248201 0.0535230352303523 0.06185017328712343
0 0.4817073170731707 0.8091175686483605 0.05386178861788618 0.05998400426552919
0 0.4254742547425474 0.8091175686483605 0.04878048780487805 0.07171420954412157
0 0.369579945799458 0.8091175686483605 0.048102981029810296 0.0642495334577446
0 0.30826558265582654 0.808850973073847 0.04911924119241192 0.08077845907757931
0 0.2486449864498645 0.8061850173287124 0.051829268292682924 0.06664889362836576
0 0.1951219512195122 0.8059184217541989 0.03997289972899729 0.06238336443615036
0 0.1388888888888889 0.8016528925619835 0.042682926829268296 0.065049320181285
0 0.08570460704607046 0.8043188483071181 0.03861788617886179 0.060250599840042655
0 0.02710027100271003 0.8059184217541989 0.04098915989159892 0.05785123966942149
0 0.0 0.7816582244734738 0.031504065040650404 0.052252732604638766
0 0.014566395663956639 0.7587310050653159 0.041327913279132794 0.046387629965342576
0 0.04742547425474255 0.7808584377499334 0.041666666666666664 0.050386563583044525
0 0.0989159891598916 0.7728605705145295 0.044715447154471545 0.05891762196747534
0 0.07317073170731707 0.7573980271927486 0.032520325203252036 0.04612103439082911
0 0.04098915989159892 0.7480671820847774 0.03590785907859079 0.03199146894161557
0 0.08536585365853659 0.7486003732338044 0.039634146341463415 0.02346041055718475
0 0.125 0.7555318581711543 0.03523035230352303 0.05011996800853106
0 0.14058265582655827 0.7486003732338044 0.03556910569105691 0.029592108770994403
0 0.1524390243902439 0.7768595041322314 0.04403794037940379 0.05651826179685417
0 0.17378048780487804 0.7541988802985871 0.03827913279132791 0.054385497200746466
0 0.18766937669376693 0.7496667555318581 0.03523035230352303 0.03705678485737137
0 0.22289972899728996 0.758197813916289 0.04234417344173442 0.0570514529458811
0 0.266260162601626 0.7808584377499334 0.041666666666666664 0.065049320181285
0 0.27540650406504064 0.7571314316182352 0.041327913279132794 0.05891762196747534
0 0.28252032520325204 0.7501999466808851 0.04437669376693767 0.05785123966942149
0 0.33062330623306235 0.7811250333244468 0.037940379403794036 0.06558251133031191
0 0.3838075880758808 0.7837909890695814 0.04031165311653116 0.059184217541988805
0 0.4268292682926829 0.7837909890695814 0.048102981029810296 0.05278592375366569
0 0.4823848238482385 0.7837909890695814 0.05047425474254742 0.053319114902692616
0 0.5420054200542005 0.7832577979205545 0.049796747967479675 0.052519328179152225
0 0.5978997289972899 0.7832577979205545 0.051490514905149054 0.052519328179152225
0 0.6480352303523035 0.7832577979205545 0.0521680216802168 0.04852039456145028
0 0.6961382113821138 0.7736603572380698 0.05115176151761518 0.05518528392428686
0 0.760840108401084 0.7803252466009064 0.042682926829268296 0.07251399626766196
0 0.8058943089430894 0.7571314316182352 0.04200542005420054 0.06185017328712343
0 0.7557588075880759 0.7552652625966408 0.04878048780487805 0.052519328179152225
0 0.7225609756097561 0.7549986670221275 0.03116531165311653 0.06238336443615036
0 0.684620596205962 0.7539322847240736 0.03929539295392954 0.06238336443615036
0 0.6378726287262872 0.7533990935750466 0.046409214092140924 0.054385497200746466
0 0.6392276422764228 0.7603305785123967 0.05047425474254742 0.06318315115969075
0 0.592479674796748 0.7597973873633698 0.041666666666666664 0.06398293788323114
0 0.5413279132791328 0.7600639829378832 0.05013550135501355 0.053319114902692616
0 0.5003387533875339 0.7555318581711543 0.03997289972899729 0.0621167688616369
0 0.592479674796748 0.7539322847240736 0.044715447154471545 0.031724873367102106
0 0.5433604336043361 0.7528659024260197 0.04708672086720867 0.030125299920021328
0 0.4410569105691057 0.7605971740869102 0.037940379403794036 0.052519328179152225
0 0.481029810298103 0.7525993068515062 0.034552845528455285 0.05971740869101573
0 0.43191056910569103 0.7515329245534524 0.048102981029810296 0.039722740602505996
0 0.38855013550135503 0.7608637696614237 0.04234417344173442 0.04772060783790989
0 0.383130081300813 0.7515329245534524 0.048102981029810296 0.04932018128499067
0 0.391260162601626 0.7523327112769927 0.04539295392953929 0.021061050386563585
0 0.3245257452574526 0.7525993068515062 0.04878048780487805 0.07464676086376966
0 0.007791327913279133 0.5433217808584377 0.04098915989159892 0.06078379098906958
0 0.01659891598915989 0.5310583844308184 0.0260840108401084 0.012796587576646227
0 0.00033875338753387534 0.5222607304718742 0.022018970189701895 0.036790189282857905
0 0.018631436314363144 0.5131964809384164 0.03421409214092141 0.030125299920021328
0 0.05250677506775068 0.5206611570247934 0.02981029810298103 0.04772060783790989
0 0.06131436314363144 0.5435883764329512 0.03353658536585366 0.059184217541988805
0 0.11077235772357724 0.5462543321780858 0.03319783197831978 0.053319114902692616
0 0.16700542005420055 0.5459877366035724 0.04098915989159892 0.06078379098906958
0 0.2225609756097561 0.5462543321780858 0.04031165311653116 0.05278592375366569
0 0.27439024390243905 0.5459877366035724 0.04098915989159892 0.052519328179152225
0 0.32486449864498645 0.5454545454545454 0.03997289972899729 0.05385230605171954
0 0.3682249322493225 0.541722207411357 0.0494579945799458 0.06451612903225806
0 0.4437669376693767 0.5449213543055186 0.036585365853658534 0.05785123966942149
0 0.49085365853658536 0.5446547587310051 0.03861788617886179 0.07091442282058118
0 0.5369241192411924 0.5430551852839243 0.04878048780487805 0.05758464409490802
0 0.5958672086720868 0.5441215675819782 0.04911924119241192 0.0469208211143695
0 0.6473577235772358 0.5435883764329512 0.03861788617886179 0.05091975473207145
0 0.7086720867208672 0.5387896560917089 0.042682926829268296 0.054385497200746466
0 0.7594850948509485 0.5441215675819782 0.04098915989159892 0.0570514529458811
0 0.8150406504065041 0.5430551852839243 0.037601626016260166 0.05785123966942149
0 0.07079945799457994 0.5129298853639029 0.02710027100271003 0.03225806451612903
0 0.09112466124661246 0.530791788856305 0.023712737127371274 0.03225806451612903
0 0.12838753387533874 0.53425753132498 0.032859078590785906 0.03732338043188483
0 0.11280487804878049 0.5209277525993069 0.025067750677506776 0.024793388429752067
0 0.11246612466124661 0.5129298853639029 0.02981029810298103 0.020527859237536656
0 0.15413279132791327 0.5214609437483337 0.028116531165311653 0.038656358304452146
0 0.18631436314363142 0.5339909357504665 0.03116531165311653 0.03119168221807518
0 0.1978319783197832 0.5222607304718742 0.03116531165311653 0.037856571580911755
0 0.17005420054200543 0.512396694214876 0.0260840108401084 0.02079445481205012
0 0.21104336043360433 0.512396694214876 0.028455284552845527 0.03332444681418288
0 0.23814363143631437 0.53425753132498 0.03218157181571816 0.04932018128499067
0 0.2855691056910569 0.533724340175953 0.03353658536585366 0.04052252732604639
0 0.3346883468834688 0.5331911490269261 0.036585365853658534 0.04078912290055985
0 0.3807588075880759 0.5297254065582512 0.037601626016260166 0.045587843241802185
0 0.4244579945799458 0.5329245534524127 0.03048780487804878 0.052519328179152225
0 0.4874661246612466 0.5294588109837377 0.03861788617886179 0.04772060783790989
0 0.5392953929539296 0.5297254065582512 0.046409214092140924 0.046654225539856035
0 0.5403116531165312 0.5182617968541722 0.04437669376693767 0.044521460943748335
0 0.25203252032520324 0.5225273260463876 0.028116531165311653 0.02426019728072514
0 0.26592140921409213 0.5126632897893895 0.0247289972899729 0.020527859237536656
0 0.2991192411924119 0.5219941348973607 0.029132791327913278 0.024793388429752067
0 0.3143631436314363 0.5115969074913357 0.026422764227642278 0.023727006131698213
0 0.34417344173441733 0.5217275393228472 0.02981029810298103 0.03039189549453479
0 0.3573848238482385 0.5110637163423087 0.025745257452574527 0.02932551319648094
0 0.38990514905149054 0.5182617968541722 0.03590785907859079 0.03998933617701946
0 0.4149728997289973 0.5115969074913357 0.025067750677506776 0.04292188749666755
0 0.4464769647696477 0.5222607304718742 0.03489159891598916 0.061316982138096505
0 0.45426829268292684 0.5113303119168222 0.032520325203252036 0.046387629965342576
0 0.5064363143631436 0.5190615835777126 0.029471544715447155 0.05971740869101573
0 0.5105013550135501 0.5107971207677953 0.02032520325203252 0.009064249533457745
0 0.551490514905149 0.5105305251932818 0.02032520325203252 0.007464676086376966
0 0.589769647696477 0.5323913623033858 0.03556910569105691 0.047454012263396426
0 0.5884146341463414 0.52039456145028 0.03353658536585366 0.04425486536923487
0 0.5931571815718157 0.5102639296187683 0.020663956639566397 0.009864036256998134
0 0.641260162601626 0.5313249800053319 0.03353658536585366 0.049586776859504134
0 0.6368563685636857 0.5187949880031991 0.029132791327913278 0.04585443881631565
0 0.6283875338753387 0.5105305251932818 0.0260840108401084 0.03332444681418288
0 0.6886856368563685 0.5273260463876299 0.037601626016260166 0.036790189282857905
0 0.676490514905149 0.5105305251932818 0.03184281842818428 0.029858704345507865
0 0.7100271002710027 0.516395627832578 0.023035230352303523 0.03412423353772327
0 0.755420054200542 0.5313249800053319 0.032859078590785906 0.037856571580911755
0 0.7523712737127372 0.519861370301253 0.0260840108401084 0.03199146894161557
0 0.7371273712737128 0.5102639296187683 0.030826558265582657 0.03145827779258864
0 0.8130081300813008 0.530791788856305 0.023712737127371274 0.03838976272993868
0 0.7981029810298103 0.5193281791522261 0.030826558265582657 0.03439082911223674
0 0.785230352303523 0.5107971207677953 0.028455284552845527 0.0325246600906425
0 0.03218157181571816 0.04212210077312717 0.022696476964769646 0.02346041055718475
0 0.2347560975609756 0.04105571847507331 0.029132791327913278 0.03119168221807518
0 0.2930216802168022 0.03732338043188483 0.031504065040650404 0.05091975473207145
0 0.31233062330623307 0.04985337243401759 0.02168021680216802 0.03838976272993868
0 0.5894308943089431 0.03332444681418288 0.015582655826558265 0.03359104238869635
0 0.6415989159891599 0.0621167688616369 0.017615176151761516 0.024526792855238604
0 0.657859078590786 0.05278592375366569 0.013888888888888888 0.024793388429752067
0 0.7381436314363143 0.025859770727805917 0.01524390243902439 0.022127432684617435
0 0.7920054200542005 0.027459344174886696 0.017953929539295393 0.020527859237536656
0 0.8638211382113821 0.021860837110103972 0.022696476964769646 0.021061050386563585
0 0.8495934959349594 0.03385763796320981 0.016937669376693765 0.0173287123433751
0 0.6693766937669376 0.04212210077312717 0.013888888888888888 0.015462543321780858
0 0.11788617886178862 0.05518528392428686 0.02032520325203252 0.01652892561983471
0 0.06029810298102981 0.053319114902692616 0.017615176151761516 0.017595307917888565
0 0.024390243902439025 0.31511596907491335 0.03489159891598916 0.03732338043188483
0 0.0836720867208672 0.3145827779258864 0.034552845528455285 0.036790189282857905
