0 0.02413535705399353 0.15295288652952888 0.03533217218213486 0.01692103516921035
0 0.2893754665339637 0.15063039150630392 0.03309280915650659 0.01824817518248175
0 0.39039562080119433 0.15029860650298607 0.033839263498382684 0.01692103516921035
0 0.685493903956208 0.145985401459854 0.035829808410052254 0.019243530192435302
0 0.03533217218213486 0.07996018579960186 0.04652898731027619 0.05607166556071665
0 0.0004976362279173924 0.07631055076310551 0.0323463548146305 0.06801592568015925
0 0.084349340631998 0.06569343065693431 0.04777307788006967 0.07332448573324486
0 0.13485941776561333 0.05474452554744526 0.0788753421249067 0.0856005308560053
0 0.21672057725802438 0.05640345056403451 0.07763125155511322 0.08195089581950896
0 0.29634237372480715 0.06104844061048441 0.07489425230156756 0.07631055076310551
0 0.37447126150783777 0.05009953550099536 0.08658870365762628 0.08626410086264101
0 0.4632993281910923 0.05408095554080956 0.0853446130878328 0.08394160583941605
0 0.5571037571535208 0.049435965494359656 0.08335406817616323 0.08327803583278036
0 0.6426971883553123 0.04844061048440611 0.08235879572032843 0.08261446582614466
0 0.7277929833291864 0.07398805573988056 0.064692709629261 0.06536164565361646
0 0.7984573276934561 0.054412740544127404 0.09256033839263499 0.07996018579960186
0 0.8997263000746454 0.04445919044459191 0.03334162727046529 0.0411413404114134
0 0.008957452102513063 0.22992700729927007 0.03508335406817616 0.0962176509621765
0 0.05075889524757402 0.23390842733908426 0.0 0.0
0 0.1637223189848221 0.3287989382879894 0.0 0.0
0 0.16073650161731773 0.23921698739216987 0.06344861905946753 0.08792302587923026
0 0.0017417267977108733 0.22295952222959523 0.0460313510823588 0.039814200398142006
0 0.29659119183876587 0.23158593231585933 0.0 0.0
0 0.3545658123911421 0.25680159256801594 0.008459815874595671 0.009953550099535502
0 0.40159243592933563 0.23954877239548772 0.0 0.0
0 0.46180641950734014 0.23623092236230922 0.0 0.0
0 0.5481463050510077 0.28699402786994027 0.01816372231898482 0.02090245520902455
0 0.5717840258770839 0.2601194426011944 0.06369743717342623 0.07365627073656271
0 0.5969146553869121 0.2737226277372263 0.01169445135605872 0.007962840079628402
0 0.7031599900472755 0.21765096217650962 0.0 0.0
0 0.8325454093057975 0.25646980756469806 0.0 0.0
0 0.9183876586215477 0.24518911745189118 0.014680268723563076 0.011612475116124751
0 0.7474496143319234 0.2538155275381553 0.01169445135605872 0.012939615129396152
0 0.31102264244837025 0.34505640345056404 0.03508335406817616 0.019575315195753153
0 0.6178153769594427 0.3480424684804247 0.03558099029609355 0.0205706702057067
0 0.007962179646678278 0.528865295288653 0.03831798954963921 0.02023888520238885
0 0.24384175167952227 0.5278699402786994 0.03533217218213486 0.01824817518248175
0 0.4533466036327445 0.5255474452554745 0.03408808161234138 0.02090245520902455
0 0.0002488181139586962 0.40278699402786994 0.03607862652401095 0.045454545454545456
0 0.0390644438915153 0.39349701393497016 0.03757153520776312 0.047777040477770406
0 0.078626524010948 0.38918380889183807 0.06170689226175666 0.05540809555408095
0 0.15526250311022644 0.38254810882548107 0.029858173675043544 0.056735235567352355
0 0.001492908683752177 0.45056403450564037 0.039313262005474 0.05806237558062376
0 0.04279671560089574 0.44625082946250827 0.05449116695695447 0.06370272063702721
0 0.09902960935556109 0.44625082946250827 0.04876835033590445 0.06569343065693431
0 0.14904205026125902 0.44061048440610484 0.03732271709380443 0.06934306569343066
0 0.1958198556854939 0.3944923689449237 0.0520029858173675 0.05938951559389516
0 0.20004976362279173 0.45653616456536167 0.058969893008211 0.055739880557398806
0 0.2610102015426723 0.4495686794956868 0.05374471261507838 0.059721300597213006
0 0.31575018661358545 0.4502322495023225 0.04901716844986315 0.05938951559389516
0 0.3719830803682508 0.4429329794293298 0.0522518039313262 0.06436629064366291
0 0.2513062950982832 0.4097544790975448 0.04005971634735009 0.0371599203715992
0 0.2938541925852202 0.4044459190444592 0.05051007713361533 0.042468480424684804
0 0.345608360288629 0.4011280690112807 0.05548643941278925 0.061380225613802256
0 0.4292112465787509 0.4681486396814864 0.03085344613087833 0.039150630391506305
0 0.4623040557352575 0.466821499668215 0.033839263498382684 0.0411413404114134
0 0.49763622791739237 0.4661579296615793 0.0261259019656631 0.041473125414731256
0 0.5357053993530729 0.4661579296615793 0.03533217218213486 0.0418049104180491
0 0.47399850709131625 0.4170537491705375 0.039313262005474 0.04611811546118116
0 0.5727792983329186 0.4694757796947578 0.02936053744712615 0.039150630391506305
0 0.604379198805673 0.45985401459854014 0.03607862652401095 0.05009953550099536
0 0.5546155760139339 0.42103516921035167 0.02861408310525006 0.03151957531519575
0 0.8584224931575019 0.45885865958858657 0.08186115949241105 0.05209024552090245
0 0.9412789251057477 0.45653616456536167 0.05747698432445882 0.060716655607166554
0 0.9211246578750933 0.40345056403450563 0.0781288877830306 0.049435965494359656
0 0.03433689972630007 0.5962176509621765 0.02015426723065439 0.08925016589250166
0 0.0522518039313262 0.6011944260119443 0.04628016919631749 0.08958195089581951
0 0.01244090569793481 0.6181154611811546 0.016670813635232644 0.015262110152621102
0 0.17964667827817865 0.6556071665560717 0.02861408310525006 0.036828135368281355
0 0.2095048519532222 0.6469807564698076 0.029609355561084846 0.03881884538818845
0 0.25429211246578753 0.6509621765096217 0.034585717840258774 0.0418049104180491
0 0.1699427718337895 0.6201061712010617 0.028116446877332668 0.032183145321831454
0 0.17342622542921124 0.581950895819509 0.023886538940034834 0.034505640345056404
0 0.20079621796466782 0.5885865958858659 0.031848718586713114 0.032846715328467155
0 0.32943518288131374 0.6575978765759788 0.030355809902960936 0.03483742534837425
0 0.38069171435680516 0.6506303915063039 0.030355809902960936 0.037491705374917056
0 0.4142821597412292 0.6496350364963503 0.029858173675043544 0.03185136031851361
0 0.4468773326698184 0.6443264764432648 0.02214481214232396 0.0371599203715992
0 0.4707638716098532 0.6542800265428003 0.02363772082607614 0.036828135368281355
0 0.4953968648917641 0.648307896483079 0.025877083851704404 0.0418049104180491
0 0.30306046280169197 0.5985401459854015 0.02736999253545658 0.046449900464499004
0 0.20776312515551132 0.546449900464499 0.022393630256282656 0.028201725282017254
0 0.23164966409554616 0.5477770404777704 0.025130629509828317 0.02289316522893165
0 0.26076138342871363 0.5902455209024552 0.02164717591440657 0.02687458526874585
0 0.27146056232893756 0.5560716655607166 0.02736999253545658 0.03151957531519575
0 0.365264991291366 0.5739880557398805 0.02736999253545658 0.0364963503649635
0 0.3941278925105748 0.5962176509621765 0.02562826573774571 0.0378234903782349
0 0.42174670315999 0.5865958858659589 0.024384175167952226 0.0364963503649635
0 0.48768350335904453 0.5743198407431984 0.025130629509828317 0.03948241539482415
0 0.5230156755411794 0.5872594558725945 0.03060462801691963 0.0418049104180491
0 0.5255038566807664 0.6493032514930325 0.03135108235879572 0.0411413404114134
0 0.5839761134610599 0.6108161911081619 0.029609355561084846 0.04346383543463835
0 0.6215476486688231 0.5792966157929662 0.029609355561084846 0.03948241539482415
0 0.6528987310276189 0.5481088254810883 0.03334162727046529 0.03948241539482415
0 0.7041552625031102 0.5580623755806238 0.034585717840258774 0.043795620437956206
0 0.6685742722070167 0.6522893165228931 0.03359044538442399 0.0418049104180491
0 0.7491913411296343 0.6509621765096217 0.027867628763373974 0.040145985401459854
0 0.7402338890271212 0.5885865958858659 0.028116446877332668 0.0378234903782349
0 0.7710873351579995 0.5564034505640345 0.03359044538442399 0.043132050431320505
0 0.8813137596417019 0.6648971466489715 0.08011943269470018 0.06536164565361646
0 0.8285643194824583 0.708029197080292 0.03632744463796964 0.02687458526874585
0 0.6185618313013187 0.7130059721300597 0.03309280915650659 0.02023888520238885
0 0.4777307788006967 0.7120106171201062 0.02139835780044787 0.019243530192435302
0 0.31077382433441153 0.7106834771068348 0.03334162727046529 0.021566025215660253
0 0.20029858173675044 0.7106834771068348 0.03334162727046529 0.022229595222295954
0 0.02338890271211744 0.7103516921035169 0.03483453595421747 0.02023888520238885
0 0.516795222692212 0.440278699402787 0.03334162727046529 0.036164565361645654
0 0.9261010201542672 0.0411413404114134 0.027867628763373974 0.011612475116124751
0 0.9375466533963672 0.03151957531519575 0.0 0.0
0 0.9405324707638716 0.04844061048440611 0.0 0.0
0 0.936053744712615 0.0491041804910418 0.027867628763373974 0.036828135368281355
0 0.707638716098532 0.42866622428666223 0.03558099029609355 0.0245520902455209
0 0.9358049265986563 0.041473125414731256 0.0323463548146305 0.04280026542800265
0 0.9696441900970391 0.043132050431320505 0.029609355561084846 0.04611811546118116
0 0.8957452102513063 0.08725945587259455 0.03334162727046529 0.04280026542800265
0 0.9315750186613585 0.08725945587259455 0.03856680766359791 0.03948241539482415
0 0.9726300074645434 0.08925016589250166 0.02687235630753919 0.0418049104180491
0 0.0007464543418760885 0.2531519575315196 0.04379198805673053 0.029860650298606503
0 0.001244090569793481 0.285335102853351 0.03657626275192834 0.037491705374917056
0 0.05449116695695447 0.2276045122760451 0.06792734511072406 0.029197080291970802
0 0.04901716844986315 0.25779694757796945 0.05747698432445882 0.035169210351692105
0 0.04379198805673053 0.28234903782349036 0.05299825827320229 0.04346383543463835
0 0.11470515053495894 0.22926343729263438 0.05847225678029361 0.0364963503649635
0 0.10873351579995023 0.2591240875912409 0.06120925603383926 0.033510285335102856
0 0.10748942523015675 0.29329794293297945 0.05772580243841752 0.0371599203715992
0 0.17417267977108733 0.22627737226277372 0.05100771336153272 0.03185136031851361
0 0.1701915899477482 0.25746516257465163 0.05449116695695447 0.03483742534837425
0 0.16521522766857427 0.28931652289316523 0.05697934809654143 0.039150630391506305
0 0.24010947997014181 0.23291307232913072 0.010699178900223935 0.011944260119442602
0 0.25105747698432446 0.23191771731917718 0.013187360039810898 0.0112806901128069
0 0.26548892759392884 0.23589913735899137 0.007713361532719582 0.0072992700729927005
0 0.27220701667081365 0.23656270736562707 0.013436178153769594 0.025879230258792303
0 0.2356307539188853 0.27040477770404775 0.006220452848967405 0.019907100199071003
0 0.2744463796964419 0.2650962176509622 0.010947997014182632 0.021234240212342402
0 0.2734511072406071 0.28765759787657597 0.008957452102513063 0.012607830126078301
0 0.272704652898731 0.30159256801592566 0.008210997760636975 0.012939615129396152
0 0.2602637472007962 0.298606502986065 0.010201542672306545 0.0112806901128069
0 0.2353819358049266 0.29362972793629727 0.005971634735008708 0.014266755142667552
0 0.24632993281910923 0.298606502986065 0.011196815128141328 0.01625746516257465
0 0.2356307539188853 0.3092236230922362 0.009455088330430456 0.014930325149303252
0 0.25678029360537447 0.3112143331121433 0.013436178153769594 0.013934970139349702
0 0.26971883553122666 0.3171864631718646 0.011943269470017417 0.010617120106171201
0 0.24608111470515054 0.3161911081619111 0.008957452102513063 0.0112806901128069
0 0.3008210997760637 0.30092899800928996 0.01443145060960438 0.011944260119442602
0 0.3147549141577507 0.3045786330457863 0.008459815874595671 0.008958195089581952
0 0.3244588206021398 0.29429329794293296 0.012689723811893506 0.01824817518248175
0 0.35580990296093556 0.24253483742534837 0.008957452102513063 0.01227604512276045
0 0.37098780791241603 0.24419376244193763 0.014680268723563076 0.006967485069674851
0 0.38815625777556606 0.3022561380225614 0.007713361532719582 0.011612475116124751
0 0.3553122667330182 0.26841406768414067 0.0052251803931326205 0.00829462508294625
0 0.3523264493655138 0.28301260783012605 0.005722816621050012 0.013271400132714002
0 0.3918885294849465 0.26211015262110154 0.005971634735008708 0.011612475116124751
0 0.39039562080119433 0.2733908427339084 0.006220452848967405 0.008626410086264101
0 0.38815625777556606 0.2850033178500332 0.008210997760636975 0.014930325149303252
0 0.3819358049265987 0.31851360318513605 0.015177904951480468 0.008958195089581952
0 0.3719830803682508 0.31453218314532183 0.00920627021647176 0.01227604512276045
0 0.34834535954217466 0.31420039814200396 0.021895994028365263 0.011944260119442602
0 0.3485941776561334 0.2982747179827472 0.014680268723563076 0.012939615129396152
0 0.40681761632246827 0.3158593231585932 0.01244090569793481 0.01028533510285335
0 0.41975615824832047 0.3151957531519575 0.010699178900223935 0.010948905109489052
0 0.4314506096043792 0.3148639681486397 0.010450360786265241 0.010617120106171201
0 0.4433938790743966 0.3151957531519575 0.012689723811893506 0.011612475116124751
0 0.44737496889773576 0.25547445255474455 0.00721572530480219 0.009953550099535502
0 0.41005225180393134 0.2528201725282017 0.00721572530480219 0.014930325149303252
0 0.4110475242597661 0.23755806237558064 0.00920627021647176 0.012939615129396152
0 0.4182632495645683 0.24253483742534837 0.009952724558347848 0.011612475116124751
0 0.42871361035083355 0.23755806237558064 0.01368499626772829 0.01625746516257465
0 0.44165215227668575 0.23191771731917718 0.01368499626772829 0.02090245520902455
0 0.4844488678775815 0.320836098208361 0.01617317740731525 0.008626410086264101
0 0.5289873102761881 0.285335102853351 0.02164717591440657 0.0245520902455209
0 0.5028614083105251 0.23523556735235568 0.0 0.0
0 0.6252799203782036 0.28201725282017254 0.008708633988554367 0.019243530192435302
0 0.5839761134610599 0.3088918380889184 0.008957452102513063 0.0112806901128069
0 0.5924359293356556 0.31287325812873257 0.01841254043294352 0.015925680159256803
0 0.6138342871361036 0.3148639681486397 0.01169445135605872 0.014598540145985401
0 0.6399601891017667 0.29396151293961514 0.010947997014182632 0.01227604512276045
0 0.6414530977855187 0.30789648307896483 0.01443145060960438 0.012607830126078301
0 0.6521522766857427 0.3082282680822827 0.015177904951480468 0.014930325149303252
0 0.6658372729534711 0.3115461181154612 0.024632993281910924 0.0185799601857996
0 0.6382184623040558 0.2793629727936297 0.01244090569793481 0.01227604512276045
0 0.6546404578253296 0.2710683477106835 0.013187360039810898 0.007962840079628402
0 0.6700671808907689 0.272063702720637 0.013187360039810898 0.006635700066357001
0 0.6874844488678776 0.2727272727272727 0.006966907190843493 0.01692103516921035
0 0.687982085095795 0.2899800928998009 0.006718089076884797 0.01692103516921035
0 0.7058969893008211 0.22893165228931653 0.015426723065439164 0.017252820172528202
0 0.7295347101268972 0.21798274717982746 0.010699178900223935 0.015262110152621102
0 0.7382433441154516 0.22362309223623092 0.011943269470017417 0.0165892501658925
0 0.7302811644687733 0.23191771731917718 0.012938541925852202 0.01625746516257465
0 0.7213237123662603 0.22329130723291307 0.008210997760636975 0.009621765096217651
0 0.7509330679273452 0.22262773722627738 0.00721572530480219 0.011612475116124751
0 0.750186613585469 0.2342402123424021 0.01368499626772829 0.014930325149303252
0 0.7031599900472755 0.24618447246184472 0.014929086837521772 0.015593895155938951
0 0.7156008957452102 0.24419376244193763 0.01368499626772829 0.017584605175846053
0 0.732271709380443 0.2468480424684804 0.015177904951480468 0.014266755142667552
0 0.7360039810898233 0.26277372262773724 0.006718089076884797 0.011612475116124751
0 0.7452102513062951 0.2707365627073656 0.008957452102513063 0.013271400132714002
0 0.7355063448619059 0.27637690776376905 0.01244090569793481 0.0165892501658925
0 0.7031599900472755 0.2657597876575979 0.012192087583976113 0.023224950232249502
0 0.708385170440408 0.2903118779031188 0.01443145060960438 0.017252820172528202
0 0.7218213485941777 0.2923025879230259 0.013933814381686987 0.0165892501658925
0 0.7345110724060712 0.2982747179827472 0.01244090569793481 0.017584605175846053
0 0.7474496143319234 0.30059721300597214 0.012689723811893506 0.0165892501658925
0 0.7006718089076884 0.30756469807564696 0.01443145060960438 0.013603185136031851
0 0.7138591689474993 0.3029197080291971 0.01443145060960438 0.0185799601857996
0 0.728041801443145 0.31187790311877905 0.01169445135605872 0.009953550099535502
0 0.7623787011694452 0.30192435301924353 0.012689723811893506 0.01692103516921035
0 0.7623787011694452 0.28699402786994027 0.012192087583976113 0.012939615129396152
0 0.7621298830554865 0.26542800265428 0.008459815874595671 0.01824817518248175
0 0.7638716098531974 0.2524883875248839 0.004976362279173924 0.011944260119442602
0 0.8036825080865887 0.3231585932315859 0.012938541925852202 0.012607830126078301
0 0.8171186862403583 0.31950895819508957 0.010699178900223935 0.015925680159256803
0 0.802687235630754 0.3055739880557399 0.012192087583976113 0.0112806901128069
0 0.8016919631749191 0.291970802919708 0.011196815128141328 0.011612475116124751
0 0.8004478726051256 0.27504976775049766 0.012192087583976113 0.014266755142667552
0 0.8178651405822344 0.3029197080291971 0.008708633988554367 0.013603185136031851
0 0.8233391390893257 0.2903118779031188 0.004478726051256532 0.010617120106171201
0 0.81487932321473 0.26907763769077636 0.0 0.0
0 0.8059218711122169 0.2667551426675514 0.007713361532719582 0.01227604512276045
0 0.8424981338641453 0.25016589250165894 0.010201542672306545 0.01824817518248175
0 0.8519532221945758 0.2528201725282017 0.01244090569793481 0.012939615129396152
0 0.8574272207016671 0.2581287325812873 0.012192087583976113 0.0072992700729927005
0 0.8432445882060214 0.2670869276708693 0.010947997014182632 0.011612475116124751
0 0.8457327693456084 0.27571333775713336 0.009952724558347848 0.013603185136031851
0 0.8335406817616322 0.2737226277372263 0.010947997014182632 0.0112806901128069
0 0.8347847723314257 0.2833443928334439 0.012938541925852202 0.01625746516257465
0 0.8420004976362279 0.28832116788321166 0.013436178153769594 0.01625746516257465
0 0.8337894998755909 0.2996018579960186 0.011943269470017417 0.014266755142667552
0 0.8420004976362279 0.30690112806901126 0.012938541925852202 0.013934970139349702
0 0.8285643194824583 0.30789648307896483 0.010947997014182632 0.013271400132714002
0 0.8342871361035084 0.3181818181818182 0.01169445135605872 0.013934970139349702
0 0.8502114953968649 0.31984074319840744 0.011943269470017417 0.014266755142667552
0 0.8626524010947997 0.3175182481751825 0.010201542672306545 0.017252820172528202
0 0.8740980343368997 0.3228268082282681 0.006966907190843493 0.01227604512276045
0 0.8579248569295844 0.2959522229595222 0.012938541925852202 0.015925680159256803
0 0.8765862154764867 0.28069011280690115 0.010699178900223935 0.0165892501658925
0 0.8768350335904453 0.24286662242866622 0.012938541925852202 0.015925680159256803
0 0.8793232147300324 0.25779694757796945 0.012689723811893506 0.01891174518911745
0 0.906693207265489 0.252156602521566 0.011943269470017417 0.015925680159256803
0 0.895247574023389 0.26277372262773724 0.012938541925852202 0.014930325149303252
0 0.8957452102513063 0.2803583278035833 0.009455088330430456 0.012939615129396152
0 0.9151530231400846 0.30723291307232914 0.012938541925852202 0.014930325149303252
0 0.8947499377954715 0.3098871930988719 0.01443145060960438 0.013271400132714002
0 0.9273451107240607 0.30690112806901126 0.01169445135605872 0.01692103516921035
0 0.8942523015675541 0.29362972793629727 0.017168449863150036 0.013934970139349702
0 0.9370490171684499 0.3035832780358328 0.010450360786265241 0.015593895155938951
0 0.9542174670315999 0.24717982747179829 0.012689723811893506 0.015925680159256803
0 0.9552127394874347 0.2707365627073656 0.014182632495645683 0.021897810218978103
0 0.9761134610599652 0.28135368281353684 0.012938541925852202 0.01625746516257465
0 0.9748693704901716 0.2468480424684804 0.008459815874595671 0.00829462508294625
0 0.523264493655138 0.3095554080955541 0.014182632495645683 0.015262110152621102
0 0.11943269470017417 0.3732581287325813 0.0457825329684001 0.06403450564034506
0 0.37521771584971386 0.39814200398142 0.047026623538193583 0.044127405441274054
0 0.4451356058721075 0.4369608493696085 0.03831798954963921 0.034505640345056404
0 0.5461557601393382 0.4794293297942933 0.0 0.0
0 0.5222692211993033 0.420371599203716 0.030355809902960936 0.037491705374917056
0 0.5847225678029361 0.4303251493032515 0.03433689972630007 0.043795620437956206
0 0.61259019656631 0.42700729927007297 0.031102264244837023 0.0378234903782349
0 0.6267728290619557 0.4608493696084937 0.027867628763373974 0.045454545454545456
0 0.5623289375466534 0.45255474452554745 0.023886538940034834 0.023888520238885203
0 0.6745459069420254 0.46317186463171867 0.030106991789002238 0.033178500331785
0 0.7044040806170689 0.45388188453881884 0.039810898233391394 0.025215660252156602
0 0.710126897238119 0.47378898473788983 0.0457825329684001 0.03550099535500995
0 0.7524259766110973 0.4230258792302588 0.039810898233391394 0.029528865295288653
0 0.7636227917392386 0.46914399469143997 0.03632744463796964 0.036164565361645654
0 0.8051754167703409 0.46914399469143997 0.04304553371485444 0.03815527538155276
0 0.7974620552376213 0.4455872594558726 0.04752425976611097 0.03151957531519575
0 0.7942274197561583 0.4240212342402123 0.04055735257526748 0.029860650298606503
0 0.0019905449116695696 0.630391506303915 0.014182632495645683 0.021897810218978103
0 0.006220452848967405 0.6579296615792967 0.015426723065439164 0.021566025215660253
0 0.0004976362279173924 0.6645653616456536 0.00721572530480219 0.0205706702057067
0 0.015924359293356557 0.66821499668215 0.01443145060960438 0.019907100199071003
0 0.04851953222194576 0.6287325812873258 0.01567554117939786 0.0185799601857996
0 0.05374471261507838 0.6151293961512939 0.013187360039810898 0.015262110152621102
0 0.06842498133864146 0.6098208360982084 0.011445633242100024 0.017584605175846053
0 0.07713361532719581 0.6297279362972794 0.013187360039810898 0.0165892501658925
0 0.04005971634735009 0.6755142667551427 0.012938541925852202 0.017252820172528202
0 0.064692709629261 0.6642335766423357 0.011943269470017417 0.01692103516921035
0 0.06767852699676537 0.6755142667551427 0.014680268723563076 0.0165892501658925
0 0.07962179646678279 0.6675514266755143 0.012689723811893506 0.0165892501658925
0 0.07464543418760886 0.6486396814863968 0.01169445135605872 0.01625746516257465
0 0.08857924856929585 0.6529528865295289 0.01443145060960438 0.019575315195753153
0 0.08982333913908933 0.6685467816854678 0.020651903458571784 0.021566025215660253
0 0.0977855187857676 0.6167883211678832 0.01766608609106743 0.017584605175846053
0 0.09977606369743718 0.6333775713337757 0.01816372231898482 0.0185799601857996
0 0.12067678526996765 0.5982083609820836 0.013933814381686987 0.01625746516257465
0 0.1363523264493655 0.6071665560716656 0.01368499626772829 0.021897810218978103
0 0.14580741477979597 0.6177836761778368 0.01443145060960438 0.0245520902455209
0 0.15153023140084598 0.6380225613802256 0.008708633988554367 0.014598540145985401
0 0.1174421497885046 0.6247511612475116 0.01617317740731525 0.01824817518248175
0 0.11644687733266981 0.6420039814200398 0.013436178153769594 0.015262110152621102
0 0.12615078377705896 0.6466489714664897 0.014680268723563076 0.01824817518248175
0 0.12515551132122418 0.6632382216323822 0.01642199552127395 0.0165892501658925
0 0.03334162727046529 0.6124751161247511 0.011196815128141328 0.017252820172528202
0 0.19830803682508086 0.6224286662242866 0.034585717840258774 0.032183145321831454
0 0.21796466782781787 0.5736562707365627 0.028116446877332668 0.02090245520902455
0 0.22766857427220702 0.5919044459190445 0.0261259019656631 0.037491705374917056
0 0.2348842995770092 0.6254147312541473 0.03408808161234138 0.03185136031851361
0 0.23787011694451357 0.6552753815527538 0.023140084598158746 0.03815527538155276
0 0.28987310276188105 0.6529528865295289 0.03682508086588704 0.03185136031851361
0 0.35630753918885294 0.6463171864631718 0.023886538940034834 0.037491705374917056
0 0.32819109231152027 0.6244193762441937 0.0323463548146305 0.032183145321831454
0 0.32644936551380943 0.6001990710019907 0.029111719333167453 0.027538155275381553
0 0.3578004478726051 0.608493696084937 0.02687235630753919 0.033178500331785
0 0.37347598905200297 0.6207697412076975 0.027121174421497887 0.03550099535500995
0 0.2605125653147549 0.6184472461844724 0.02214481214232396 0.030192435301924354
0 0.27942274197561584 0.6227604512276045 0.02338890271211744 0.04611811546118116
0 0.3130131873600398 0.5726609157266092 0.028365264991291366 0.033510285335102856
0 0.2873849216222941 0.5753151957531519 0.02363772082607614 0.036164565361645654
0 0.2918636476735506 0.592899800928998 0.02363772082607614 0.030524220305242204
0 0.2933565563573028 0.5507631055076311 0.019158994774819606 0.021566025215660253
0 0.3137596417019159 0.5467816854678168 0.023140084598158746 0.024220305242203054
0 0.3366509081861159 0.5471134704711347 0.02363772082607614 0.029860650298606503
0 0.36128390146802686 0.546449900464499 0.021895994028365263 0.026211015262110154
0 0.3844239860661856 0.546449900464499 0.030106991789002238 0.03417385534173855
0 0.40209007215725306 0.5680159256801592 0.02936053744712615 0.029197080291970802
0 0.42373724807165963 0.5471134704711347 0.025877083851704404 0.0245520902455209
0 0.4369246081114705 0.5696748506967485 0.026623538193580494 0.029528865295288653
0 0.4640457825329684 0.5617120106171201 0.028365264991291366 0.027206370272063702
0 0.4655386912167206 0.581950895819509 0.023886538940034834 0.029197080291970802
0 0.4443891515302314 0.5998672859986729 0.022642448370241354 0.038487060384870604
0 0.46081114705150533 0.6091572660915726 0.026374720079621796 0.0371599203715992
0 0.44712615078377704 0.546449900464499 0.02363772082607614 0.02090245520902455
0 0.47151032595172926 0.5454545454545454 0.024384175167952226 0.021897810218978103
0 0.5513809405324708 0.6138022561380225 0.032595172928589204 0.0457863304578633
0 0.5205274944015924 0.5527538155275381 0.02488181139586962 0.033510285335102856
0 0.5444140333416273 0.5527538155275381 0.03408808161234138 0.03948241539482415
0 0.5712863896491664 0.5716655607166556 0.02936053744712615 0.03948241539482415
0 0.5949241104752426 0.5467816854678168 0.03159990047275442 0.036164565361645654
0 0.5780044787260512 0.6496350364963503 0.021895994028365263 0.030524220305242204
0 0.5996516546404578 0.6522893165228931 0.03085344613087833 0.0411413404114134
0 0.6417019158994774 0.6104844061048441 0.030355809902960936 0.045454545454545456
0 0.6334909181388405 0.6473125414731254 0.0323463548146305 0.036828135368281355
0 0.6742970888280667 0.5816191108161911 0.03085344613087833 0.044790975447909755
0 0.6932072654889276 0.6211015262110152 0.03707389897984573 0.04744525547445255
0 0.7170938044289624 0.6499668214996682 0.030106991789002238 0.04744525547445255
0 0.7681015177904952 0.6164565361645654 0.035829808410052254 0.0491041804910418
0 0.7404827071410799 0.5491041804910418 0.03085344613087833 0.036164565361645654
0 0.8069171435680518 0.6396814863968149 0.016919631749191342 0.03417385534173855
0 0.8171186862403583 0.6575978765759788 0.022642448370241354 0.025879230258792303
0 0.8380194078128888 0.665892501658925 0.021895994028365263 0.0185799601857996
0 0.8641453097785519 0.6463171864631718 0.026374720079621796 0.03417385534173855
0 0.8830554864394128 0.6147976111479762 0.02886290121920876 0.032183145321831454
0 0.9139089325702912 0.6011944260119443 0.024384175167952226 0.029528865295288653
0 0.8947499377954715 0.6473125414731254 0.019905449116695697 0.012607830126078301
0 0.9161482955959194 0.6456536164565362 0.02015426723065439 0.01625746516257465
0 0.9377954715103259 0.6463171864631718 0.014182632495645683 0.015262110152621102
0 0.8977357551629759 0.5902455209024552 0.02363772082607614 0.019575315195753153
0 0.80915650659368 0.5922362309223623 0.011445633242100024 0.032846715328467155
0 0.8210997760636974 0.6323822163238222 0.026374720079621796 0.029197080291970802
0 0.9340631998009455 0.5497677504976775 0.02562826573774571 0.029197080291970802
0 0.9579497387409803 0.5693430656934306 0.014929086837521772 0.0205706702057067
0 0.9731276436924609 0.555408095554081 0.026374720079621796 0.058394160583941604
0 0.9644190097039065 0.6293961512939615 0.02861408310525006 0.0338420703384207
0 0.9733764618064195 0.6121433311214333 0.023886538940034834 0.0205706702057067
0 0.9470017417267977 0.5948905109489051 0.02861408310525006 0.027538155275381553
0 0.07738243344115452 0.8307896483078965 0.03359044538442399 0.0537491705374917
0 0.09479970141826324 0.8374253483742535 0.04329435182881314 0.05607166556071665
0 0.08086588703657627 0.907100199071002 0.04354316994277183 0.0497677504976775
0 0.19034585717840258 0.9044459190444591 0.028116446877332668 0.052753815527538155
0 0.2226922119930331 0.9256801592568016 0.03159990047275442 0.0338420703384207
0 0.17865140582234387 0.8540145985401459 0.03757153520776312 0.04810882548108825
0 0.17267977108733515 0.8287989382879893 0.02164717591440657 0.0338420703384207
0 0.27021647175914404 0.8689449236894492 0.027121174421497887 0.05009953550099536
0 0.29236128390146804 0.7853351028533511 0.03483453595421747 0.042468480424684804
0 0.3448619059467529 0.8925016589250165 0.034585717840258774 0.05607166556071665
0 0.3789499875590943 0.8968148639681487 0.03483453595421747 0.050431320504313204
0 0.42697188355312266 0.732249502322495 0.029609355561084846 0.02488387524883875
0 0.253048021895994 0.7913072329130724 0.02936053744712615 0.0371599203715992
0 0.3764618064195073 0.7687458526874585 0.0328439910425479 0.0537491705374917
0 0.3866633490918139 0.7183145321831453 0.03558099029609355 0.0457863304578633
0 0.4122916148295596 0.7548108825481088 0.03558099029609355 0.06436629064366291
0 0.44090569793480966 0.8745852687458527 0.034585717840258774 0.0676841406768414
0 0.4680268723563075 0.8911745189117452 0.04428962428464792 0.061380225613802256
0 0.5177904951480468 0.9187126741871268 0.02761881064941528 0.039814200398142006
0 0.5473998507091317 0.8971466489714665 0.05498880318487186 0.06403450564034506
0 0.5999004727544165 0.9001327140013271 0.04528489674048271 0.059721300597213006
0 0.5297337646180642 0.864963503649635 0.05324707638716099 0.055739880557398806
0 0.575765115700423 0.8390842733908427 0.05548643941278925 0.06436629064366291
0 0.6275192834038318 0.8609820836098209 0.0457825329684001 0.0683477106834771
0 0.6675789997511818 0.8802256138022562 0.04005971634735009 0.058394160583941604
0 0.7009206270216471 0.8968148639681487 0.056232893754665336 0.0676841406768414
0 0.7549141577506843 0.918049104180491 0.02861408310525006 0.04346383543463835
0 0.7603881562577756 0.8576642335766423 0.02761881064941528 0.05706702057067021
0 0.7044040806170689 0.8400796284007963 0.05399353072903707 0.0630391506303915
0 0.6621050012440906 0.8188453881884539 0.060213983578004476 0.06801592568015925
0 0.610102015426723 0.8029197080291971 0.05125653147549142 0.06204379562043796
0 0.43916397113709876 0.8135368281353683 0.04851953222194576 0.06702057067020571
0 0.4772331425727793 0.8427339084273391 0.04229907937297835 0.058394160583941604
0 0.45210251306295096 0.7720637027206371 0.04304553371485444 0.060716655607166554
0 0.5381935804926599 0.7949568679495687 0.05324707638716099 0.0743198407431984
0 0.5260014929086837 0.7714001327140013 0.03508335406817616 0.04280026542800265
0 0.5600895745210251 0.7528201725282018 0.03956208011943269 0.05209024552090245
0 0.47499377954715105 0.7362309223623092 0.03657626275192834 0.04810882548108825
0 0.5103259517292859 0.7236230922362309 0.04205026125901966 0.05706702057067021
0 0.587210748942523 0.73457199734572 0.0525006220452849 0.04445919044459191
0 0.610102015426723 0.7753815527538155 0.0457825329684001 0.035169210351692105
0 0.6394625528738492 0.7355673523556735 0.03533217218213486 0.048772395487723955
0 0.6571286389649167 0.7657597876575979 0.04105498880318487 0.055076310550763105
0 0.6859915401841254 0.7332448573324486 0.02886290121920876 0.023888520238885203
0 0.6971883553122667 0.7558062375580624 0.05026125901965663 0.072992700729927
0 0.3406319980094551 0.7395487723954878 0.028116446877332668 0.021897810218978103
0 0.7904951480467778 0.9316522893165229 0.027867628763373974 0.03151957531519575
0 0.8193580492659865 0.9167219641672196 0.04304553371485444 0.045454545454545456
0 0.7957203284399105 0.8905109489051095 0.030106991789002238 0.050431320504313204
0 0.8452351331176909 0.8925016589250165 0.03831798954963921 0.05142667551426675
0 0.8728539437671062 0.9309887193098872 0.027867628763373974 0.03151957531519575
0 0.8855436675789997 0.8991373589913736 0.03657626275192834 0.05076310550763106
0 0.9029609355561085 0.9465826144658261 0.02861408310525006 0.021234240212342402
0 0.9198805673052999 0.8968148639681487 0.03732271709380443 0.059057730590577305
0 0.9504851953222194 0.9001327140013271 0.03682508086588704 0.052753815527538155
0 0.9698930082109978 0.9495686794956868 0.027121174421497887 0.013271400132714002
0 0.9793480965414282 0.8954877239548772 0.019905449116695697 0.05209024552090245
0 0.8126399601891018 0.8629727936297279 0.037820353321721824 0.045454545454545456
0 0.8793232147300324 0.8603185136031851 0.04155262503110226 0.05142667551426675
0 0.9400348345359543 0.8633045786330458 0.04055735257526748 0.0457863304578633
0 0.8439910425478975 0.858327803583278 0.03483453595421747 0.045454545454545456
0 0.9049514804677781 0.8370935633709357 0.03334162727046529 0.0404777704047777
0 0.9226175665588455 0.8062375580623756 0.04080617068922618 0.04445919044459191
0 0.9584473749688978 0.8314532183145322 0.03483453595421747 0.023224950232249502
0 0.9601891017666087 0.8490378234903783 0.03881562577755661 0.042468480424684804
0 0.9624284647922369 0.7949568679495687 0.03632744463796964 0.036828135368281355
0 0.9402836526499129 0.7760451227604512 0.031102264244837023 0.035169210351692105
0 0.9343120179149043 0.7647644326476444 0.02338890271211744 0.029197080291970802
0 0.9577009206270216 0.7508294625082946 0.03209753670067181 0.04213669542136696
0 0.9888031848718587 0.7727272727272727 0.010947997014182632 0.03151957531519575
0 0.7768101517790496 0.8002654280026543 0.0390644438915153 0.04280026542800265
0 0.7832794227419756 0.7826808228268082 0.03657626275192834 0.03550099535500995
0 0.8163722318984822 0.8264764432647644 0.03707389897984573 0.036164565361645654
0 0.8258273202289127 0.7932979429329794 0.035829808410052254 0.045454545454545456
0 0.8616571286389649 0.7840079628400797 0.02936053744712615 0.0325149303251493
0 0.8668823090320975 0.8029197080291971 0.03085344613087833 0.0325149303251493
0 0.873102761881065 0.8181818181818182 0.03060462801691963 0.03948241539482415
0 0.854192585220204 0.8324485733244857 0.013436178153769594 0.031187790311877902
0 0.8927593928838019 0.7863304578633046 0.03533217218213486 0.040809555408095555
0 0.8439910425478975 0.31917717319177175 0.0 0.0
0 0.0 0.2664233576642336 0.0 0.0
0 0.859915401841254 0.4117451891174519 0.04453844239860662 0.036828135368281355
0 0.11047524259766112 0.09522229595222297 0.005722816621050012 0.008958195089581952
0 0.1050012440905698 0.1154611811546118 0.006469270962926101 0.008626410086264101
0 0.1174421497885046 0.1074983410749834 0.0032346354814630504 0.0072992700729927005
0 0.117939786016422 0.09555408095554081 0.005971634735008708 0.012607830126078301
0 0.05424234884299577 0.34472461844724617 0.0 0.0
