0 0.5796130952380952 0.8998015873015873 0.040674603174603176 0.042328042328042326
0 0.39533730158730157 0.8855820105820106 0.056051587301587304 0.05588624338624339
0 0.31721230158730157 0.8809523809523809 0.056051587301587304 0.056878306878306875
0 0.2648809523809524 0.8783068783068783 0.050595238095238096 0.05919312169312169
0 0.5515873015873016 0.07275132275132275 0.03521825396825397 0.09259259259259259
0 0.5627480158730159 0.11507936507936507 0.02058531746031746 0.0496031746031746
0 0.5808531746031746 0.07671957671957672 0.016121031746031748 0.0873015873015873
0 0.5736607142857143 0.06316137566137567 0.041666666666666664 0.0496031746031746
0 0.6840277777777778 0.35648148148148145 0.02132936507936508 0.06481481481481481
0 0.1626984126984127 0.5479497354497355 0.020833333333333332 0.02447089947089947
0 0.14732142857142858 0.583994708994709 0.024057539682539684 0.0291005291005291
0 0.18501984126984128 0.5542328042328042 0.026537698412698412 0.03439153439153439
0 0.21106150793650794 0.5562169312169312 0.028025793650793652 0.044642857142857144
0 0.19717261904761904 0.5740740740740741 0.027281746031746032 0.05853174603174603
0 0.17212301587301587 0.5790343915343915 0.024057539682539684 0.03373015873015873
0 0.1827876984126984 0.6031746031746031 0.031001984126984128 0.056878306878306875
0 0.1498015873015873 0.5982142857142857 0.03149801587301587 0.028439153439153438
0 0.1277281746031746 0.6164021164021164 0.03794642857142857 0.057539682539682536
0 0.15550595238095238 0.6130952380952381 0.04290674603174603 0.05720899470899471
0 0.22569444444444445 0.5681216931216931 0.10168650793650794 0.12698412698412698
0 0.423859126984127 0.5244708994708994 0.01066468253968254 0.11772486772486772
0 0.4164186507936508 0.5595238095238095 0.012648809523809524 0.11144179894179894
0 0.39112103174603174 0.593915343915344 0.023313492063492064 0.08498677248677249
0 0.40153769841269843 0.533068783068783 0.014632936507936508 0.1455026455026455
0 0.38740079365079366 0.5459656084656085 0.019097222222222224 0.13293650793650794
0 0.37648809523809523 0.5482804232804233 0.021825396825396824 0.13095238095238096
0 0.37450396825396826 0.5744047619047619 0.02976190476190476 0.09093915343915344
0 0.35168650793650796 0.5406746031746031 0.026041666666666668 0.13955026455026456
0 0.3521825396825397 0.5264550264550265 0.020833333333333332 0.1541005291005291
0 0.34523809523809523 0.5922619047619048 0.018601190476190476 0.0873015873015873
0 0.3368055555555556 0.5701058201058201 0.020833333333333332 0.11078042328042328
0 0.33110119047619047 0.5317460317460317 0.01240079365079365 0.15211640211640212
0 0.3239087301587302 0.5925925925925926 0.02058531746031746 0.08961640211640212
0 0.5017361111111112 0.578042328042328 0.06721230158730158 0.10714285714285714
0 0.4375 0.5697751322751323 0.06324404761904762 0.11044973544973545
0 0.4461805555555556 0.5234788359788359 0.045882936507936505 0.05720899470899471
0 0.4913194444444444 0.5234788359788359 0.05704365079365079 0.05919312169312169
0 0.5746527777777778 0.5509259259259259 0.03819444444444445 0.06977513227513228
0 0.5811011904761905 0.5744047619047619 0.028273809523809524 0.04728835978835979
0 0.5882936507936508 0.5968915343915344 0.019593253968253968 0.03935185185185185
0 0.6116071428571429 0.5552248677248677 0.015625 0.035383597883597885
0 0.611359126984127 0.5757275132275133 0.011656746031746032 0.02447089947089947
0 0.6001984126984127 0.5925925925925926 0.01984126984126984 0.06613756613756613
0 0.605406746031746 0.6355820105820106 0.030009920634920636 0.03439153439153439
0 0.6130952380952381 0.5949074074074074 0.043154761904761904 0.07275132275132275
0 0.7145337301587301 0.6064814814814815 0.03273809523809524 0.05489417989417989
0 0.8246527777777778 0.6392195767195767 0.04439484126984127 0.05555555555555555
0 0.8764880952380952 0.6190476190476191 0.026785714285714284 0.041666666666666664
0 0.8110119047619048 0.6200396825396826 0.028273809523809524 0.05291005291005291
0 0.8040674603174603 0.5773809523809523 0.03571428571428571 0.05886243386243386
0 0.8871527777777778 0.7847222222222222 0.11259920634920635 0.09623015873015874
0 0.6336805555555556 0.8316798941798942 0.037698412698412696 0.05026455026455026
0 0.6153273809523809 0.7893518518518519 0.035962301587301584 0.06977513227513228
0 0.6034226190476191 0.7916666666666666 0.033234126984126984 0.09424603174603174
0 0.5667162698412699 0.783068783068783 0.03546626984126984 0.10482804232804233
0 0.3521825396825397 0.3115079365079365 0.017857142857142856 0.06117724867724868
0 0.3645833333333333 0.3012566137566138 0.015128968253968254 0.04398148148148148
0 0.3784722222222222 0.3005952380952381 0.018601190476190476 0.06183862433862434
0 0.38740079365079366 0.2833994708994709 0.010416666666666666 0.03670634920634921
0 0.4007936507936508 0.29398148148148145 0.015873015873015872 0.03505291005291005
0 0.4035218253968254 0.2833994708994709 0.02703373015873016 0.032407407407407406
0 0.43179563492063494 0.30687830687830686 0.022321428571428572 0.022156084656084655
0 0.41889880952380953 0.31316137566137564 0.020337301587301588 0.057539682539682536
0 0.435515873015873 0.31845238095238093 0.01636904761904762 0.021825396825396824
0 0.44146825396825395 0.3296957671957672 0.016121031746031748 0.03306878306878307
0 0.4273313492063492 0.33465608465608465 0.015376984126984126 0.023148148148148147
0 0.4382440476190476 0.3482142857142857 0.014136904761904762 0.026124338624338623
0 0.42212301587301587 0.3498677248677249 0.015873015873015872 0.04431216931216931
0 0.39880952380952384 0.3210978835978836 0.01711309523809524 0.04365079365079365
0 0.404265873015873 0.3316798941798942 0.015873015873015872 0.03273809523809524
0 0.40625 0.3429232804232804 0.015625 0.06415343915343916
0 0.3854166666666667 0.3316798941798942 0.017609126984126984 0.05026455026455026
0 0.3680555555555556 0.3402777777777778 0.018849206349206348 0.03042328042328042
0 0.37103174603174605 0.3601190476190476 0.019593253968253968 0.022817460317460316
0 0.35615079365079366 0.36772486772486773 0.016617063492063492 0.021494708994708994
0 0.34697420634920634 0.36937830687830686 0.01066468253968254 0.017526455026455025
0 0.3375496031746032 0.3740079365079365 0.0220734126984127 0.023148148148148147
0 0.3382936507936508 0.3792989417989418 0.030753968253968252 0.05257936507936508
0 0.35962301587301587 0.3912037037037037 0.025049603174603176 0.03902116402116402
0 0.359375 0.37863756613756616 0.015128968253968254 0.018849206349206348
0 0.3725198412698413 0.375 0.012896825396825396 0.040674603174603176
0 0.38268849206349204 0.38227513227513227 0.016865079365079364 0.050595238095238096
0 0.3916170634920635 0.3621031746031746 0.017361111111111112 0.03968253968253968
0 0.3978174603174603 0.3948412698412698 0.018849206349206348 0.03802910052910053
0 0.41195436507936506 0.36937830687830686 0.022569444444444444 0.060515873015873016
0 0.4337797619047619 0.3845899470899471 0.014632936507936508 0.04298941798941799
0 0.43601190476190477 0.3680555555555556 0.015128968253968254 0.027777777777777776
0 0.34375 0.291005291005291 0.010168650793650794 0.012235449735449735
0 0.3291170634920635 0.2853835978835979 0.012648809523809524 0.011904761904761904
0 0.314484126984127 0.2810846560846561 0.009672619047619048 0.01025132275132275
0 0.3187003968253968 0.28604497354497355 0.009424603174603174 0.013558201058201057
0 0.3132440476190476 0.2923280423280423 0.009424603174603174 0.013888888888888888
0 0.32490079365079366 0.2962962962962963 0.016121031746031748 0.013558201058201057
0 0.32961309523809523 0.3039021164021164 0.013392857142857142 0.013888888888888888
0 0.3385416666666667 0.31216931216931215 0.008928571428571428 0.013227513227513227
0 0.341765873015873 0.3201058201058201 0.00992063492063492 0.015873015873015872
0 0.2914186507936508 0.2810846560846561 0.008928571428571428 0.011574074074074073
0 0.2700892857142857 0.2847222222222222 0.014632936507936508 0.011243386243386243
0 0.28794642857142855 0.294973544973545 0.011904761904761904 0.011574074074074073
0 0.25297619047619047 0.2923280423280423 0.012896825396825396 0.011243386243386243
0 0.3062996031746032 0.30787037037037035 0.008432539682539682 0.012235449735449735
0 0.29538690476190477 0.30257936507936506 0.01066468253968254 0.01917989417989418
0 0.2728174603174603 0.2962962962962963 0.01488095238095238 0.012566137566137565
0 0.26686507936507936 0.294973544973545 0.010416666666666666 0.01488095238095238
0 0.25396825396825395 0.3039021164021164 0.013888888888888888 0.010912698412698412
0 0.24975198412698413 0.30654761904761907 0.015376984126984126 0.017857142857142856
0 0.24131944444444445 0.29993386243386244 0.01066468253968254 0.014219576719576719
0 0.23735119047619047 0.3091931216931217 0.011904761904761904 0.016865079365079364
0 0.23933531746031747 0.3230820105820106 0.011408730158730158 0.016865079365079364
0 0.23759920634920634 0.3353174603174603 0.014136904761904762 0.016203703703703703
0 0.22594246031746032 0.3373015873015873 0.01488095238095238 0.0205026455026455
0 0.267609126984127 0.3125 0.00992063492063492 0.013558201058201057
0 0.2614087301587302 0.32175925925925924 0.011656746031746032 0.015873015873015872
0 0.2628968253968254 0.3323412698412698 0.010168650793650794 0.018187830687830687
0 0.27529761904761907 0.30952380952380953 0.010416666666666666 0.020833333333333332
0 0.2847222222222222 0.3194444444444444 0.00818452380952381 0.011574074074074073
0 0.2777777777777778 0.32936507936507936 0.00992063492063492 0.01984126984126984
0 0.28695436507936506 0.3290343915343915 0.010416666666666666 0.016203703703703703
0 0.29216269841269843 0.31613756613756616 0.013392857142857142 0.018518518518518517
0 0.29910714285714285 0.33134920634920634 0.00992063492063492 0.017195767195767195
0 0.3072916666666667 0.3187830687830688 0.010416666666666666 0.018187830687830687
0 0.31125992063492064 0.32605820105820105 0.013392857142857142 0.01521164021164021
0 0.31919642857142855 0.32043650793650796 0.013640873015873016 0.014219576719576719
0 0.32762896825396826 0.3253968253968254 0.013392857142857142 0.01455026455026455
0 0.33209325396825395 0.3326719576719577 0.008432539682539682 0.013227513227513227
0 0.3211805555555556 0.3386243386243386 0.010912698412698412 0.012896825396825396
0 0.30505952380952384 0.3373015873015873 0.014136904761904762 0.014219576719576719
0 0.3325892857142857 0.3419312169312169 0.008928571428571428 0.017857142857142856
0 0.33581349206349204 0.353505291005291 0.009424603174603174 0.016534391534391533
0 0.3179563492063492 0.35284391534391535 0.010912698412698412 0.018518518518518517
0 0.2978670634920635 0.3492063492063492 0.01240079365079365 0.017195767195767195
0 0.2881944444444444 0.3488756613756614 0.012648809523809524 0.008928571428571428
0 0.28695436507936506 0.3541666666666667 0.011408730158730158 0.012896825396825396
0 0.2743055555555556 0.33796296296296297 0.010912698412698412 0.027447089947089946
0 0.30505952380952384 0.3627645502645503 0.014384920634920634 0.021494708994708994
0 0.30009920634920634 0.3644179894179894 0.015873015873015872 0.013558201058201057
0 0.2884424603174603 0.3611111111111111 0.011408730158730158 0.01455026455026455
0 0.28348214285714285 0.36772486772486773 0.011408730158730158 0.01488095238095238
0 0.2693452380952381 0.35548941798941797 0.013888888888888888 0.01984126984126984
0 0.2958829365079365 0.3759920634920635 0.010168650793650794 0.011904761904761904
0 0.3087797619047619 0.373015873015873 0.013888888888888888 0.016534391534391533
0 0.3090277777777778 0.3611111111111111 0.011656746031746032 0.013558201058201057
0 0.3097718253968254 0.351521164021164 0.010168650793650794 0.011574074074074073
0 0.3236607142857143 0.375 0.009672619047619048 0.01917989417989418
0 0.32862103174603174 0.38921957671957674 0.011656746031746032 0.014219576719576719
0 0.3072916666666667 0.3872354497354497 0.011160714285714286 0.011574074074074073
0 0.28273809523809523 0.3816137566137566 0.013888888888888888 0.013888888888888888
0 0.2584325396825397 0.34656084656084657 0.010168650793650794 0.017526455026455025
0 0.2562003968253968 0.3584656084656085 0.018601190476190476 0.01984126984126984
0 0.23462301587301587 0.35615079365079366 0.018353174603174604 0.014219576719576719
0 0.23635912698412698 0.37632275132275134 0.018353174603174604 0.01488095238095238
0 0.23759920634920634 0.38955026455026454 0.013888888888888888 0.013227513227513227
0 0.2594246031746032 0.37334656084656087 0.011408730158730158 0.02017195767195767
0 0.2683531746031746 0.392526455026455 0.014136904761904762 0.011243386243386243
0 0.24404761904761904 0.40244708994708994 0.014632936507936508 0.02513227513227513
0 0.25793650793650796 0.3978174603174603 0.012152777777777778 0.022817460317460316
0 0.25223214285714285 0.41534391534391535 0.01314484126984127 0.015873015873015872
0 0.2693452380952381 0.40343915343915343 0.015376984126984126 0.021825396825396824
0 0.28125 0.4117063492063492 0.018849206349206348 0.014219576719576719
0 0.2628968253968254 0.37962962962962965 0.012648809523809524 0.018187830687830687
0 0.25297619047619047 0.3835978835978836 0.008432539682539682 0.015873015873015872
0 0.1331845238095238 0.3187830687830688 0.051835317460317464 0.045965608465608467
0 0.19370039682539683 0.32407407407407407 0.03546626984126984 0.03670634920634921
0 0.18154761904761904 0.3521825396825397 0.04389880952380952 0.04034391534391534
0 0.11731150793650794 0.35615079365079366 0.0496031746031746 0.021825396825396824
0 0.1463293650793651 0.3584656084656085 0.06398809523809523 0.08134920634920635
0 0.08878968253968254 0.3664021164021164 0.057291666666666664 0.06712962962962964
0 0.0 0.33664021164021163 0.008928571428571428 0.015542328042328041
0 0.000496031746031746 0.32275132275132273 0.012896825396825396 0.015873015873015872
0 0.008680555555555556 0.31547619047619047 0.01314484126984127 0.014219576719576719
0 0.01066468253968254 0.30257936507936506 0.014384920634920634 0.015873015873015872
0 0.019593253968253968 0.2923280423280423 0.014384920634920634 0.015873015873015872
0 0.000248015873015873 0.39451058201058203 0.004464285714285714 0.014219576719576719
0 0.0 0.41005291005291006 0.006696428571428571 0.010912698412698412
0 0.000496031746031746 0.3783068783068783 0.007688492063492063 0.017857142857142856
0 0.000248015873015873 0.3697089947089947 0.013640873015873016 0.01521164021164021
0 0.002728174603174603 0.35912698412698413 0.013640873015873016 0.013888888888888888
0 0.007688492063492063 0.34755291005291006 0.01488095238095238 0.015542328042328041
0 0.01488095238095238 0.328042328042328 0.015873015873015872 0.016865079365079364
0 0.02628968253968254 0.3210978835978836 0.012152777777777778 0.013888888888888888
0 0.028273809523809524 0.30687830687830686 0.014384920634920634 0.016203703703703703
0 0.036210317460317464 0.2916666666666667 0.014384920634920634 0.01521164021164021
0 0.006944444444444444 0.4087301587301587 0.00992063492063492 0.012566137566137565
0 0.00744047619047619 0.39087301587301587 0.015625 0.01521164021164021
0 0.00818452380952381 0.3802910052910053 0.013640873015873016 0.013227513227513227
0 0.01314484126984127 0.3687169312169312 0.011904761904761904 0.013558201058201057
0 0.015625 0.3587962962962963 0.014136904761904762 0.01455026455026455
0 0.019593253968253968 0.34093915343915343 0.013640873015873016 0.01521164021164021
0 0.01636904761904762 0.4087301587301587 0.010912698412698412 0.011574074074074073
0 0.024305555555555556 0.40674603174603174 0.015873015873015872 0.017857142857142856
0 0.03993055555555555 0.4074074074074074 0.013640873015873016 0.017195767195767195
0 0.053075396825396824 0.4083994708994709 0.009672619047619048 0.017857142857142856
0 0.020337301587301588 0.38492063492063494 0.015376984126984126 0.01488095238095238
0 0.024305555555555556 0.3921957671957672 0.014384920634920634 0.013558201058201057
0 0.02628968253968254 0.376984126984127 0.008928571428571428 0.011904761904761904
0 0.033234126984126984 0.37566137566137564 0.015128968253968254 0.016203703703703703
0 0.028769841269841268 0.3644179894179894 0.013888888888888888 0.012566137566137565
0 0.030753968253968252 0.34953703703703703 0.013392857142857142 0.016203703703703703
0 0.03422619047619048 0.3425925925925926 0.012152777777777778 0.01455026455026455
0 0.03794642857142857 0.3306878306878307 0.014136904761904762 0.015542328042328041
0 0.037698412698412696 0.3244047619047619 0.014384920634920634 0.010582010582010581
0 0.0441468253968254 0.3072089947089947 0.014136904761904762 0.016203703703703703
0 0.057787698412698416 0.2919973544973545 0.014632936507936508 0.017195767195767195
0 0.053075396825396824 0.2843915343915344 0.013392857142857142 0.012566137566137565
0 0.05109126984126984 0.39451058201058203 0.013392857142857142 0.012896825396825396
0 0.044642857142857144 0.37003968253968256 0.013392857142857142 0.01521164021164021
0 0.04861111111111111 0.38492063492063494 0.013640873015873016 0.01025132275132275
0 0.06101190476190476 0.3855820105820106 0.015128968253968254 0.01455026455026455
0 0.05357142857142857 0.37632275132275134 0.009176587301587302 0.010582010582010581
0 0.062003968253968256 0.37566137566137564 0.007688492063492063 0.01025132275132275
0 0.06770833333333333 0.3759920634920635 0.014632936507936508 0.01455026455026455
0 0.05084325396825397 0.35813492063492064 0.014632936507936508 0.01455026455026455
0 0.057539682539682536 0.3683862433862434 0.008432539682539682 0.007936507936507936
0 0.06522817460317461 0.36507936507936506 0.010168650793650794 0.010582010582010581
0 0.07514880952380952 0.3627645502645503 0.012896825396825396 0.014219576719576719
0 0.0818452380952381 0.38062169312169314 0.013640873015873016 0.01521164021164021
0 0.0873015873015873 0.3723544973544973 0.01240079365079365 0.013227513227513227
0 0.09151785714285714 0.3587962962962963 0.014384920634920634 0.016534391534391533
0 0.07762896825396826 0.34523809523809523 0.014632936507936508 0.016203703703703703
0 0.09647817460317461 0.34755291005291006 0.013392857142857142 0.015542328042328041
0 0.0818452380952381 0.33101851851851855 0.014384920634920634 0.015542328042328041
0 0.0873015873015873 0.3191137566137566 0.015128968253968254 0.017195767195767195
0 0.08680555555555555 0.310515873015873 0.013640873015873016 0.012566137566137565
0 0.09275793650793651 0.29828042328042326 0.014136904761904762 0.015542328042328041
0 0.10664682539682539 0.3148148148148148 0.013392857142857142 0.015873015873015872
0 0.10962301587301587 0.3072089947089947 0.013392857142857142 0.012896825396825396
0 0.11359126984126984 0.28835978835978837 0.014384920634920634 0.016534391534391533
0 0.8985615079365079 0.541005291005291 0.010912698412698412 0.010912698412698412
0 0.9077380952380952 0.5380291005291006 0.008680555555555556 0.010912698412698412
0 0.9174107142857143 0.53505291005291 0.011904761904761904 0.01521164021164021
0 0.8978174603174603 0.5519179894179894 0.010912698412698412 0.011904761904761904
0 0.9092261904761905 0.5462962962962963 0.01314484126984127 0.014219576719576719
0 0.9233630952380952 0.5486111111111112 0.013888888888888888 0.014219576719576719
0 0.9332837301587301 0.5403439153439153 0.015128968253968254 0.017195767195767195
0 0.9499007936507936 0.5522486772486772 0.01066468253968254 0.012896825396825396
0 0.9360119047619048 0.5548941798941799 0.013392857142857142 0.01521164021164021
0 0.9241071428571429 0.5611772486772487 0.013888888888888888 0.01488095238095238
0 0.9099702380952381 0.5588624338624338 0.013640873015873016 0.012235449735449735
0 0.9020337301587301 0.5648148148148148 0.008680555555555556 0.014219576719576719
0 0.9124503968253969 0.5714285714285714 0.012648809523809524 0.013227513227513227
0 0.9516369047619048 0.6706349206349206 0.013392857142857142 0.01025132275132275
0 0.8752480158730159 0.8452380952380952 0.02132936507936508 0.031746031746031744
0 0.8454861111111112 0.8022486772486772 0.015625 0.028769841269841268
0 0.8640873015873016 0.814484126984127 0.02132936507936508 0.02943121693121693
0 0.8159722222222222 0.8055555555555556 0.020337301587301588 0.034722222222222224
0 0.7874503968253969 0.8445767195767195 0.018105158730158732 0.023148148148148147
0 0.5562996031746031 0.7906746031746031 0.012152777777777778 0.052248677248677246
0 0.5458829365079365 0.794973544973545 0.013392857142857142 0.0496031746031746
0 0.5386904761904762 0.7906746031746031 0.009672619047619048 0.045304232804232805
0 0.5453869047619048 0.8425925925925926 0.014136904761904762 0.0248015873015873
0 0.47941468253968256 0.8025793650793651 0.006200396825396825 0.028439153439153438
0 0.47693452380952384 0.7880291005291006 0.007688492063492063 0.04398148148148148
0 0.46304563492063494 0.7916666666666666 0.015376984126984126 0.03207671957671958
0 0.451140873015873 0.8095238095238095 0.027529761904761904 0.03009259259259259
0 0.4583333333333333 0.8072089947089947 0.008680555555555556 0.04133597883597884
0 0.4645337301587302 0.8270502645502645 0.02703373015873016 0.03373015873015873
0 0.4732142857142857 0.8644179894179894 0.01240079365079365 0.013227513227513227
0 0.34052579365079366 0.7913359788359788 0.019593253968253968 0.021164021164021163
0 0.21378968253968253 0.8045634920634921 0.020089285714285716 0.04034391534391534
0 0.20610119047619047 0.8062169312169312 0.020089285714285716 0.017195767195767195
0 0.20386904761904762 0.7853835978835979 0.026785714285714284 0.018849206349206348
0 0.109375 0.7764550264550265 0.020337301587301588 0.01488095238095238
0 0.7534722222222222 0.7833994708994709 0.016865079365079364 0.017526455026455025
0 0.7403273809523809 0.7893518518518519 0.01066468253968254 0.015542328042328041
0 0.000744047619047619 0.14484126984126985 0.051835317460317464 0.06283068783068783
0 0.6743551587301587 0.8015873015873016 0.007936507936507936 0.00992063492063492
0 0.9583333333333334 0.6150793650793651 0.006696428571428571 0.012896825396825396
0 0.9729662698412699 0.6180555555555556 0.007688492063492063 0.011574074074074073
0 0.9650297619047619 0.6207010582010583 0.011656746031746032 0.01025132275132275
0 0.9479166666666666 0.6150793650793651 0.01240079365079365 0.010582010582010581
0 0.9372519841269841 0.6200396825396826 0.01636904761904762 0.013888888888888888
0 0.9295634920634921 0.628968253968254 0.010912698412698412 0.011574074074074073
0 0.9518849206349206 0.6240079365079365 0.01066468253968254 0.012566137566137565
0 0.9791666666666666 0.6170634920634921 0.014136904761904762 0.01521164021164021
0 0.9789186507936508 0.6322751322751323 0.01240079365079365 0.013558201058201057
0 0.9900793650793651 0.6339285714285714 0.007936507936507936 0.012896825396825396
0 0.8516865079365079 0.8366402116402116 0.024305555555555556 0.044642857142857144
0 0.2728174603174603 0.43353174603174605 0.05505952380952381 0.047619047619047616
0 0.1148313492063492 0.4130291005291005 0.052083333333333336 0.06944444444444445
0 0.02703373015873016 0.44477513227513227 0.04365079365079365 0.03869047619047619
0 0.049107142857142856 0.6947751322751323 0.05654761904761905 0.040674603174603176
0 0.21800595238095238 0.878968253968254 0.046875 0.05588624338624339
0 0.701140873015873 0.38855820105820105 0.028521825396825396 0.04133597883597884
0 0.7651289682539683 0.2976190476190476 0.023065476190476192 0.06283068783068783
0 0.65625 0.37996031746031744 0.024057539682539684 0.02546296296296296
0 0.628968253968254 0.4130291005291005 0.028025793650793652 0.021164021164021163
0 0.6307043650793651 0.3855820105820106 0.026785714285714284 0.02976190476190476
0 0.6108630952380952 0.36078042328042326 0.03720238095238095 0.021164021164021163
0 0.6111111111111112 0.37334656084656087 0.02703373015873016 0.03439153439153439
0 0.6245039682539683 0.4074074074074074 0.011408730158730158 0.028769841269841268
0 0.5964781746031746 0.4044312169312169 0.027529761904761904 0.031746031746031744
0 0.5935019841269841 0.38525132275132273 0.028769841269841268 0.03042328042328042
0 0.5920138888888888 0.36937830687830686 0.02058531746031746 0.026455026455026454
0 0.49851190476190477 0.2873677248677249 0.036210317460317464 0.040674603174603176
0 0.5342261904761905 0.3098544973544973 0.03422619047619048 0.049933862433862435
0 0.5389384920634921 0.3419312169312169 0.025793650793650792 0.04431216931216931
0 0.49429563492063494 0.31547619047619047 0.04563492063492063 0.07605820105820106
0 0.4660218253968254 0.333994708994709 0.027777777777777776 0.03802910052910053
0 0.4660218253968254 0.35548941798941797 0.031994047619047616 0.031084656084656083
0 0.46106150793650796 0.37367724867724866 0.05109126984126984 0.046296296296296294
0 0.5131448412698413 0.373015873015873 0.05530753968253968 0.04662698412698413
0 0.006944444444444444 0.53505291005291 0.12375992063492064 0.14682539682539683
0 0.10069444444444445 0.6213624338624338 0.03447420634920635 0.049933862433862435
0 0.10987103174603174 0.5965608465608465 0.03571428571428571 0.0333994708994709
0 0.12450396825396826 0.5833333333333334 0.023561507936507936 0.030753968253968252
0 0.1480654761904762 0.566468253968254 0.022817460317460316 0.023478835978835978
0 0.7472718253968254 0.8128306878306878 0.012152777777777778 0.00992063492063492
0 0.7088293650793651 0.8369708994708994 0.00744047619047619 0.011574074074074073
0 0.14012896825396826 0.14351851851851852 0.06696428571428571 0.06183862433862434
0 0.12301587301587301 0.6990740740740741 0.056051587301587304 0.037037037037037035
0 0.2750496031746032 0.7126322751322751 0.03447420634920635 0.0248015873015873
0 0.36334325396825395 0.705026455026455 0.03720238095238095 0.032407407407407406
0 0.47445436507936506 0.703042328042328 0.031001984126984128 0.03439153439153439
0 0.6044146825396826 0.7139550264550265 0.031001984126984128 0.02513227513227513
0 0.7120535714285714 0.6964285714285714 0.05282738095238095 0.04563492063492063
0 0.8516865079365079 0.6977513227513228 0.05530753968253968 0.04398148148148148
0 0.18824404761904762 0.07208994708994709 0.07093253968253968 0.07837301587301587
0 0.23015873015873015 0.026785714285714284 0.046875 0.06878306878306878
0 0.25322420634920634 0.06514550264550265 0.05555555555555555 0.06746031746031746
0 0.2795138888888889 0.09854497354497355 0.053075396825396824 0.05191798941798942
0 0.29662698412698413 0.03207671957671958 0.05357142857142857 0.07308201058201058
0 0.3402777777777778 0.03869047619047619 0.057539682539682536 0.07142857142857142
0 0.3970734126984127 0.07804232804232804 0.03546626984126984 0.04794973544973545
0 0.4255952380952381 0.09391534391534391 0.026041666666666668 0.03835978835978836
0 0.4585813492063492 0.12533068783068782 0.02132936507936508 0.021164021164021163
0 0.4809027777777778 0.11673280423280423 0.026041666666666668 0.027447089947089946
0 0.4645337301587302 0.10317460317460317 0.024057539682539684 0.027777777777777776
0 0.45262896825396826 0.08134920634920635 0.022817460317460316 0.0291005291005291
0 0.45089285714285715 0.052248677248677246 0.023561507936507936 0.0291005291005291
0 0.4751984126984127 0.049933862433862435 0.019345238095238096 0.022156084656084655
0 0.48933531746031744 0.049933862433862435 0.023561507936507936 0.02414021164021164
0 0.4680059523809524 0.06547619047619048 0.021825396825396824 0.03439153439153439
0 0.48933531746031744 0.08531746031746032 0.023313492063492064 0.03273809523809524
0 0.5171130952380952 0.0582010582010582 0.02703373015873016 0.02943121693121693
0 0.5166170634920635 0.08531746031746032 0.02132936507936508 0.040013227513227514
0 0.5334821428571429 0.06382275132275132 0.04389880952380952 0.062169312169312166
0 0.5421626984126984 0.10119047619047619 0.03447420634920635 0.04828042328042328
0 0.3509424603174603 0.42824074074074076 0.054563492063492064 0.051587301587301584
0 0.5783730158730159 0.08002645502645503 0.029513888888888888 0.07043650793650794
0 0.5930059523809523 0.06911375661375661 0.04538690476190476 0.083994708994709
0 0.5922619047619048 0.07572751322751323 0.037698412698412696 0.08763227513227513
0 0.638640873015873 0.09821428571428571 0.04141865079365079 0.06878306878306878
0 0.6396329365079365 0.0710978835978836 0.03422619047619048 0.06547619047619048
0 0.7170138888888888 0.04894179894179894 0.034722222222222224 0.05787037037037037
0 0.8271329365079365 0.3419312169312169 0.027777777777777776 0.035383597883597885
0 0.8489583333333334 0.359457671957672 0.03298611111111111 0.040674603174603176
0 0.8345734126984127 0.36673280423280424 0.018105158730158732 0.027116402116402115
0 0.7212301587301587 0.4209656084656085 0.06572420634920635 0.010912698412698412
0 0.7723214285714286 0.4041005291005291 0.03819444444444445 0.025793650793650792
0 0.7537202380952381 0.38657407407407407 0.06721230158730158 0.0419973544973545
0 0.7125496031746031 0.3872354497354497 0.07762896825396826 0.04728835978835979
0 0.7291666666666666 0.38525132275132273 0.03447420634920635 0.018518518518518517
0 0.7053571428571429 0.36342592592592593 0.07886904761904762 0.03207671957671958
0 0.669890873015873 0.7817460317460317 0.008928571428571428 0.006944444444444444
0 0.7671130952380952 0.3167989417989418 0.012648809523809524 0.04927248677248677
0 0.7490079365079365 0.30257936507936506 0.018601190476190476 0.05257936507936508
0 0.7445436507936508 0.30886243386243384 0.015128968253968254 0.05291005291005291
0 0.7321428571428571 0.3005952380952381 0.019593253968253968 0.05555555555555555
0 0.7113095238095238 0.3012566137566138 0.02058531746031746 0.056878306878306875
0 0.6999007936507936 0.30224867724867727 0.02058531746031746 0.056216931216931214
0 0.6912202380952381 0.31415343915343913 0.024305555555555556 0.05919312169312169
0 0.6805555555555556 0.30456349206349204 0.016865079365079364 0.05654761904761905
0 0.7003968253968254 0.2873677248677249 0.078125 0.015542328042328041
0 0.65625 0.4150132275132275 0.028273809523809524 0.018849206349206348
0 0.6560019841269841 0.3974867724867725 0.028769841269841268 0.030753968253968252
0 0.7185019841269841 0.08697089947089948 0.039186507936507936 0.06845238095238096
0 0.7720734126984127 0.0 0.08531746031746032 0.09821428571428571
0 0.7896825396825397 0.05787037037037037 0.09350198412698413 0.09060846560846561
0 0.832093253968254 0.0 0.11061507936507936 0.09788359788359788
0 0.8541666666666666 0.11673280423280423 0.053075396825396824 0.036375661375661374
0 0.8762400793650794 0.09457671957671958 0.03521825396825397 0.03306878306878307
0 0.9600694444444444 0.3478835978835979 0.03943452380952381 0.08134920634920635
0 0.9233630952380952 0.3802910052910053 0.03546626984126984 0.031746031746031744
0 0.9151785714285714 0.3551587301587302 0.025793650793650792 0.03736772486772487
0 0.8859126984126984 0.3683862433862434 0.03373015873015873 0.03207671957671958
0 0.8762400793650794 0.37996031746031744 0.03447420634920635 0.0291005291005291
0 0.8767361111111112 0.33465608465608465 0.03422619047619048 0.040013227513227514
0 0.892609126984127 0.32242063492063494 0.023561507936507936 0.02546296296296296
0 0.8658234126984127 0.3158068783068783 0.026785714285714284 0.022156084656084655
0 0.8663194444444444 0.3353174603174603 0.019097222222222224 0.012566137566137565
0 0.8467261904761905 0.33366402116402116 0.018353174603174604 0.011574074074074073
0 0.8514384920634921 0.34226190476190477 0.025297619047619048 0.022817460317460316
0 0.9184027777777778 0.716931216931217 0.07713293650793651 0.02546296296296296
0 0.9479166666666666 0.9070767195767195 0.04538690476190476 0.0419973544973545
0 0.8182043650793651 0.9034391534391535 0.05084325396825397 0.04662698412698413
0 0.6436011904761905 0.8912037037037037 0.05704365079365079 0.05357142857142857
0 0.023065476190476192 0.07506613756613757 0.08258928571428571 0.08333333333333333
0 0.10838293650793651 0.07175925925925926 0.08258928571428571 0.083994708994709
0 0.5248015873015873 0.8025793650793651 0.011408730158730158 0.04894179894179894
0 0.5128968253968254 0.8687169312169312 0.012896825396825396 0.015542328042328041
0 0.48834325396825395 0.7992724867724867 0.00744047619047619 0.031746031746031744
0 0.4496527777777778 0.8468915343915344 0.015376984126984126 0.016534391534391533
0 0.3194444444444444 0.8078703703703703 0.023561507936507936 0.031746031746031744
0 0.31746031746031744 0.8359788359788359 0.02628968253968254 0.03207671957671958
0 0.12624007936507936 0.7946428571428571 0.018105158730158732 0.023148148148148147
0 0.7631448412698413 0.7986111111111112 0.014136904761904762 0.02017195767195767
0 0.7160218253968254 0.8174603174603174 0.013888888888888888 0.023809523809523808
0 0.7157738095238095 0.83994708994709 0.011904761904761904 0.008267195767195767
0 0.7180059523809523 0.7923280423280423 0.012648809523809524 0.013888888888888888
0 0.6827876984126984 0.8058862433862434 0.010416666666666666 0.011243386243386243
0 0.08655753968253968 0.8961640211640212 0.03869047619047619 0.037698412698412696
0 0.000744047619047619 0.046957671957671955 0.0642361111111111 0.03042328042328042
0 0.000992063492063492 0.08101851851851852 0.020089285714285716 0.06316137566137567
0 0.06101190476190476 0.0023148148148148147 0.06324404761904762 0.07539682539682539
0 0.1267361111111111 0.0016534391534391533 0.05555555555555555 0.06481481481481481
0 0.18526785714285715 0.0036375661375661374 0.04811507936507937 0.07705026455026455
0 0.33209325396825395 0.09722222222222222 0.05679563492063492 0.052248677248677246
0 0.5173611111111112 0.12334656084656084 0.030009920634920636 0.04861111111111111
0 0.5270337301587301 0.12367724867724868 0.03298611111111111 0.04133597883597884
0 0.5434027777777778 0.057539682539682536 0.030257936507936508 0.02943121693121693
0 0.6401289682539683 0.04298941798941799 0.03249007936507937 0.05125661375661376
0 0.6505456349206349 0.00033068783068783067 0.03670634920634921 0.0701058201058201
0 0.6790674603174603 0.10052910052910052 0.041666666666666664 0.061507936507936505
0 0.6820436507936508 0.06712962962962964 0.034722222222222224 0.0539021164021164
0 0.6763392857142857 0.03802910052910053 0.03943452380952381 0.04828042328042328
0 0.7135416666666666 0.01025132275132275 0.034722222222222224 0.06283068783068783
0 0.9072420634920635 0.012566137566137565 0.07564484126984126 0.08796296296296297
0 0.9050099206349206 0.09391534391534391 0.057539682539682536 0.05357142857142857
0 0.9603174603174603 0.04828042328042328 0.039186507936507936 0.09523809523809523
0 0.9149305555555556 0.2876984126984127 0.0798611111111111 0.10085978835978836
0 0.6857638888888888 0.7919973544973545 0.013640873015873016 0.013888888888888888
0 0.9223710317460317 0.6319444444444444 0.00818452380952381 0.013888888888888888
0 0.9270833333333334 0.6388888888888888 0.009424603174603174 0.011243386243386243
0 0.9350198412698413 0.6395502645502645 0.01066468253968254 0.016203703703703703
0 0.9419642857142857 0.6319444444444444 0.014136904761904762 0.01455026455026455
0 0.46106150793650796 0.8581349206349206 0.012152777777777778 0.012896825396825396
0 0.4035218253968254 0.781415343915344 0.03521825396825397 0.04497354497354497
0 0.699156746031746 0.7886904761904762 0.018601190476190476 0.017857142857142856
0 0.8720238095238095 0.6342592592592593 0.046130952380952384 0.060515873015873016
0 0.6708829365079365 0.7870370370370371 0.008928571428571428 0.016203703703703703
0 0.9040178571428571 0.5783730158730159 0.011160714285714286 0.013227513227513227
0 0.908234126984127 0.5906084656084656 0.009176587301587302 0.01455026455026455
0 0.9156746031746031 0.5846560846560847 0.010168650793650794 0.013558201058201057
0 0.923859126984127 0.5810185185185185 0.013640873015873016 0.016203703703703703
0 0.9362599206349206 0.5710978835978836 0.013392857142857142 0.013227513227513227
0 0.9499007936507936 0.5651455026455027 0.010912698412698412 0.010912698412698412
0 0.9124503968253969 0.6028439153439153 0.008928571428571428 0.011904761904761904
0 0.9181547619047619 0.5965608465608465 0.012152777777777778 0.012235449735449735
0 0.9295634920634921 0.593584656084656 0.015128968253968254 0.013888888888888888
0 0.9940476190476191 0.6640211640211641 0.005704365079365079 0.011904761904761904
0 0.6865079365079365 0.7827380952380952 0.012896825396825396 0.010582010582010581
0 0.5101686507936508 0.8138227513227513 0.027281746031746032 0.021164021164021163
0 0.5089285714285714 0.8253968253968254 0.022569444444444444 0.017195767195767195
0 0.5200892857142857 0.8501984126984127 0.016617063492063492 0.022817460317460316
0 0.5029761904761905 0.8425925925925926 0.01984126984126984 0.034722222222222224
0 0.5029761904761905 0.7791005291005291 0.00992063492063492 0.023478835978835978
0 0.4945436507936508 0.783068783068783 0.018105158730158732 0.06283068783068783
0 0.4878472222222222 0.8482142857142857 0.019345238095238096 0.02943121693121693
0 0.4868551587301587 0.8336640211640212 0.016121031746031748 0.01917989417989418
0 0.47544642857142855 0.8478835978835979 0.014136904761904762 0.02017195767195767
0 0.939484126984127 0.5833333333333334 0.01240079365079365 0.013558201058201057
0 0.9499007936507936 0.5753968253968254 0.011160714285714286 0.013558201058201057
0 0.9598214285714286 0.5730820105820106 0.01066468253968254 0.013888888888888888
0 0.9156746031746031 0.6137566137566137 0.009672619047619048 0.013227513227513227
0 0.921875 0.6081349206349206 0.01240079365079365 0.01455026455026455
0 0.9327876984126984 0.6064814814814815 0.012648809523809524 0.015542328042328041
0 0.9484126984126984 0.593915343915344 0.016121031746031748 0.017526455026455025
0 0.9625496031746031 0.5949074074074074 0.01240079365079365 0.016534391534391533
0 0.9635416666666666 0.5846560846560847 0.011656746031746032 0.012235449735449735
0 0.9722222222222222 0.5770502645502645 0.011408730158730158 0.013227513227513227
0 0.9826388888888888 0.5734126984126984 0.010912698412698412 0.012896825396825396
0 0.9712301587301587 0.5925925925925926 0.01066468253968254 0.013227513227513227
0 0.9784226190476191 0.5859788359788359 0.011408730158730158 0.017195767195767195
0 0.9918154761904762 0.5810185185185185 0.007936507936507936 0.013227513227513227
0 0.9895833333333334 0.5916005291005291 0.009672619047619048 0.013888888888888888
0 0.984375 0.5985449735449735 0.010416666666666666 0.009259259259259259
0 0.9868551587301587 0.605489417989418 0.011408730158730158 0.013558201058201057
0 0.9739583333333334 0.6028439153439153 0.012152777777777778 0.01488095238095238
0 0.9635416666666666 0.6104497354497355 0.009176587301587302 0.010582010582010581
0 0.6912202380952381 0.8167989417989417 0.011408730158730158 0.014219576719576719
0 0.5558035714285714 0.548941798941799 0.030009920634920636 0.041666666666666664
0 0.966765873015873 0.6276455026455027 0.012152777777777778 0.014219576719576719
0 0.9573412698412699 0.6345899470899471 0.011904761904761904 0.012896825396825396
0 0.9930555555555556 0.6537698412698413 0.006696428571428571 0.011574074074074073
0 0.9838789682539683 0.644510582010582 0.010912698412698412 0.014219576719576719
0 0.9714781746031746 0.6431878306878307 0.011408730158730158 0.011904761904761904
0 0.9610615079365079 0.6471560846560847 0.013640873015873016 0.013227513227513227
0 0.9833829365079365 0.6577380952380952 0.011656746031746032 0.01455026455026455
0 0.9724702380952381 0.6583994708994709 0.012152777777777778 0.015542328042328041
0 0.9918154761904762 0.6746031746031746 0.007936507936507936 0.01455026455026455
0 0.9796626984126984 0.6689814814814815 0.015376984126984126 0.01984126984126984
0 0.9774305555555556 0.673941798941799 0.010168650793650794 0.016203703703703703
0 0.9652777777777778 0.6693121693121693 0.01488095238095238 0.01488095238095238
0 0.9583333333333334 0.6603835978835979 0.016121031746031748 0.01521164021164021
0 0.9441964285714286 0.66005291005291 0.01636904761904762 0.012566137566137565
0 0.5089285714285714 0.7936507936507936 0.030257936507936508 0.016534391534391533
0 0.3454861111111111 0.8125 0.02132936507936508 0.0205026455026455
0 0.34375 0.8343253968253969 0.02703373015873016 0.03505291005291005
0 0.8501984126984127 0.7903439153439153 0.018849206349206348 0.026124338624338623
0 0.8293650793650794 0.8498677248677249 0.022321428571428572 0.026124338624338623
0 0.8075396825396826 0.8386243386243386 0.0220734126984127 0.03373015873015873
0 0.5367063492063492 0.8336640211640212 0.011904761904761904 0.026124338624338623
0 0.5347222222222222 0.8045634920634921 0.011160714285714286 0.0291005291005291
0 0.5359623015873016 0.8624338624338624 0.013888888888888888 0.016203703703703703
0 0.5143849206349206 0.7827380952380952 0.010912698412698412 0.03571428571428571
0 0.1909722222222222 0.792989417989418 0.02976190476190476 0.020833333333333332
0 0.1909722222222222 0.8131613756613757 0.021577380952380952 0.05324074074074074
0 0.1857638888888889 0.8048941798941799 0.01066468253968254 0.01951058201058201
0 0.1728670634920635 0.7797619047619048 0.01711309523809524 0.02414021164021164
0 0.16046626984126985 0.7936507936507936 0.023561507936507936 0.04298941798941799
0 0.16815476190476192 0.8217592592592593 0.024057539682539684 0.02447089947089947
0 0.10367063492063493 0.7933201058201058 0.028273809523809524 0.0291005291005291
0 0.07564484126984126 0.7777777777777778 0.023065476190476192 0.030753968253968252
0 0.0744047619047619 0.8495370370370371 0.02132936507936508 0.021825396825396824
0 0.042162698412698416 0.8148148148148148 0.026537698412698412 0.03009259259259259
0 0.017857142857142856 0.8227513227513228 0.02703373015873016 0.04398148148148148
0 0.3888888888888889 0.8111772486772487 0.023809523809523808 0.032407407407407406
0 0.40674603174603174 0.8373015873015873 0.017609126984126984 0.0291005291005291
0 0.3794642857142857 0.8349867724867724 0.02628968253968254 0.036375661375661374
0 0.25768849206349204 0.8382936507936508 0.027529761904761904 0.0291005291005291
0 0.23759920634920634 0.8108465608465608 0.034722222222222224 0.04828042328042328
0 0.09647817460317461 0.8230820105820106 0.02132936507936508 0.02017195767195767
0 0.08878968253968254 0.7764550264550265 0.022817460317460316 0.017195767195767195
0 0.05555555555555555 0.8078703703703703 0.030753968253968252 0.03935185185185185
0 0.7698412698412699 0.810515873015873 0.010168650793650794 0.020833333333333332
0 0.7378472222222222 0.8167989417989417 0.010416666666666666 0.010582010582010581
0 0.7336309523809523 0.8412698412698413 0.011160714285714286 0.008928571428571428
0 0.7123015873015873 0.8306878306878307 0.010168650793650794 0.012896825396825396
0 0.7192460317460317 0.7824074074074074 0.00992063492063492 0.005621693121693121
0 0.722718253968254 0.7860449735449735 0.01066468253968254 0.00958994708994709
0 0.7120535714285714 0.7840608465608465 0.010168650793650794 0.013888888888888888
0 0.8420138888888888 0.5793650793650794 0.03695436507936508 0.07242063492063493
0 0.8454861111111112 0.560515873015873 0.03521825396825397 0.040013227513227514
0 0.7266865079365079 0.8025793650793651 0.013392857142857142 0.016203703703703703
0 0.6939484126984127 0.8025793650793651 0.015625 0.02447089947089947
0 0.7204861111111112 0.30092592592592593 0.021825396825396824 0.05654761904761905
0 0.3256448412698413 0.14087301587301587 0.05406746031746032 0.05919312169312169
0 0.4538690476190476 0.15013227513227514 0.033234126984126984 0.04794973544973545
0 0.5825892857142857 0.1650132275132275 0.05009920634920635 0.05423280423280423
0 0.6882440476190477 0.15013227513227514 0.05580357142857143 0.06349206349206349
0 0.8315972222222222 0.1527777777777778 0.044890873015873016 0.05125661375661376
0 0.9087301587301587 0.4312169312169312 0.06225198412698413 0.04662698412698413
0 0.7405753968253969 0.43353174603174605 0.056299603174603176 0.04563492063492063
0 0.6292162698412699 0.4298941798941799 0.050347222222222224 0.050595238095238096
0 0.4957837301587302 0.4176587301587302 0.04365079365079365 0.06349206349206349
0 0.36607142857142855 0.7817460317460317 0.025297619047619048 0.035383597883597885
0 0.27331349206349204 0.7906746031746031 0.027281746031746032 0.04794973544973545
0 0.28447420634920634 0.8244047619047619 0.039186507936507936 0.04365079365079365
0 0.12301587301587301 0.77744708994709 0.02976190476190476 0.017195767195767195
0 0.08482142857142858 0.7933201058201058 0.021825396825396824 0.041666666666666664
0 0.746031746031746 0.8425925925925926 0.010912698412698412 0.007275132275132275
0 0.7398313492063492 0.8287037037037037 0.012896825396825396 0.02017195767195767
0 0.1654265873015873 0.8376322751322751 0.028025793650793652 0.031746031746031744
0 0.14087301587301587 0.8492063492063492 0.024057539682539684 0.022486772486772486
0 0.13516865079365079 0.8148148148148148 0.03373015873015873 0.03273809523809524
0 0.1535218253968254 0.7784391534391535 0.018849206349206348 0.016203703703703703
0 0.14285714285714285 0.7939814814814815 0.020089285714285716 0.021825396825396824
0 0.1076388888888889 0.8409391534391535 0.05009920634920635 0.02943121693121693
0 0.7475198412698413 0.7976190476190477 0.013392857142857142 0.016865079365079364
0 0.7579365079365079 0.8197751322751323 0.01066468253968254 0.018187830687830687
0 0.7281746031746031 0.8273809523809523 0.012648809523809524 0.017857142857142856
0 0.4779265873015873 0.2847222222222222 0.022817460317460316 0.06481481481481481
0 0.5726686507936508 0.6197089947089947 0.03249007936507937 0.04332010582010582
0 0.7452876984126984 0.8201058201058201 0.013888888888888888 0.023148148148148147
0 0.6780753968253969 0.783068783068783 0.008432539682539682 0.016534391534391533
0 0.6227678571428571 0.5525793650793651 0.022569444444444444 0.08068783068783068
0 0.644593253968254 0.5843253968253969 0.018353174603174604 0.07208994708994709
0 0.6736111111111112 0.6170634920634921 0.050595238095238096 0.08068783068783068
0 0.7256944444444444 0.6352513227513228 0.0441468253968254 0.06018518518518518
0 0.6825396825396826 0.5896164021164021 0.03571428571428571 0.03571428571428571
0 0.7311507936507936 0.7923280423280423 0.011904761904761904 0.01488095238095238
0 0.7053571428571429 0.8210978835978836 0.011160714285714286 0.010582010582010581
0 0.03869047619047619 0.8442460317460317 0.020089285714285716 0.023148148148148147
0 0.7435515873015873 0.7827380952380952 0.009672619047619048 0.011904761904761904
0 0.08854166666666667 0.826058201058201 0.043154761904761904 0.04133597883597884
0 0.2976190476190476 0.7903439153439153 0.031994047619047616 0.03670634920634921
0 0.3055555555555556 0.7797619047619048 0.03373015873015873 0.023478835978835978
0 0.054563492063492064 0.8293650793650794 0.0339781746031746 0.04034391534391534
0 0.7224702380952381 0.8101851851851852 0.015128968253968254 0.016203703703703703
0 0.7393353174603174 0.8055555555555556 0.008680555555555556 0.011243386243386243
0 0.7299107142857143 0.7827380952380952 0.011656746031746032 0.010912698412698412
0 0.7554563492063492 0.8379629629629629 0.006448412698412698 0.010912698412698412
0 0.09995039682539683 0.335978835978836 0.01314484126984127 0.016203703703703703
0 0.5257936507936508 0.8723544973544973 0.013888888888888888 0.00958994708994709
0 0.037698412698412696 0.3941798941798942 0.013888888888888888 0.012566137566137565
0 0.7095734126984127 0.8048941798941799 0.01314484126984127 0.015542328042328041
0 0.9469246031746031 0.6428571428571429 0.013392857142857142 0.017195767195767195
0 0.9744543650793651 0.6514550264550265 0.008928571428571428 0.01025132275132275
0 0.9427083333333334 0.5995370370370371 0.011656746031746032 0.015873015873015872
