0 0.9305555555555556 0.0 0.05434027777777778 0.14609375
0 0.8309027777777778 0.0 0.05329861111111111 0.14869791666666668
0 0.47725694444444444 0.00078125 0.035243055555555555 0.14427083333333332
0 0.44253472222222223 0.0005208333333333333 0.03715277777777778 0.14348958333333334
0 0.4105902777777778 0.00078125 0.036284722222222225 0.14322916666666666
0 0.37899305555555557 0.0015625 0.03611111111111111 0.14322916666666666
0 0.3451388888888889 0.0 0.03819444444444445 0.14375
0 0.32395833333333335 0.00078125 0.02795138888888889 0.14114583333333333
0 0.278125 0.0013020833333333333 0.04114583333333333 0.14270833333333333
0 0.24444444444444444 0.0013020833333333333 0.040625 0.14192708333333334
0 0.21354166666666666 0.0 0.03993055555555555 0.14270833333333333
0 0.8498263888888888 0.190625 0.05520833333333333 0.23151041666666666
0 0.8057291666666667 0.19479166666666667 0.052256944444444446 0.22630208333333332
0 0.3828125 0.24244791666666668 0.03715277777777778 0.17447916666666666
0 0.3524305555555556 0.24322916666666666 0.035590277777777776 0.17291666666666666
0 0.3232638888888889 0.24348958333333334 0.034375 0.17291666666666666
0 0.29704861111111114 0.25026041666666665 0.03125 0.16588541666666667
0 0.2717013888888889 0.24296875 0.03940972222222222 0.17239583333333333
0 0.2508680555555556 0.25338541666666664 0.023958333333333335 0.16223958333333333
0 0.22465277777777778 0.24453125 0.04010416666666667 0.17109375
0 0.19149305555555557 0.2421875 0.041666666666666664 0.17161458333333332
0 0.5519097222222222 0.7192708333333333 0.029166666666666667 0.04583333333333333
0 0.5302083333333333 0.71875 0.022048611111111113 0.04479166666666667
0 0.9404513888888889 0.7651041666666667 0.03350694444444444 0.038802083333333334
0 0.9057291666666667 0.765625 0.0390625 0.03671875
0 0.8772569444444445 0.76171875 0.04079861111111111 0.040625
0 0.8532986111111112 0.7559895833333333 0.03854166666666667 0.045572916666666664
0 0.7991319444444445 0.7247395833333333 0.06510416666666667 0.07604166666666666
0 0.7661458333333333 0.71796875 0.06684027777777778 0.08385416666666666
0 0.7430555555555556 0.7174479166666666 0.0640625 0.08463541666666667
0 0.7197916666666667 0.7177083333333333 0.06180555555555556 0.08411458333333334
0 0.7095486111111111 0.71796875 0.04583333333333333 0.08359375
0 0.6855902777777778 0.7557291666666667 0.03315972222222222 0.0453125
0 0.6595486111111111 0.753125 0.03229166666666667 0.04583333333333333
0 0.6305555555555555 0.74765625 0.03350694444444444 0.05286458333333333
0 0.49930555555555556 0.71640625 0.027430555555555555 0.0453125
0 0.4722222222222222 0.71640625 0.028645833333333332 0.04609375
0 0.4449652777777778 0.71640625 0.02847222222222222 0.047135416666666666
0 0.4203125 0.715625 0.022916666666666665 0.02578125
0 0.42291666666666666 0.73671875 0.022743055555555555 0.04088541666666667
0 0.40208333333333335 0.7161458333333334 0.01840277777777778 0.025520833333333333
0 0.39895833333333336 0.7375 0.025 0.040625
0 0.32135416666666666 0.73125 0.02638888888888889 0.04192708333333333
0 0.2699652777777778 0.7135416666666666 0.04739583333333333 0.0484375
0 0.2423611111111111 0.7140625 0.034375 0.04635416666666667
0 0.21597222222222223 0.7135416666666666 0.036458333333333336 0.047135416666666666
0 0.18854166666666666 0.7143229166666667 0.033854166666666664 0.04609375
0 0.16197916666666667 0.7143229166666667 0.03611111111111111 0.046614583333333334
0 0.2717013888888889 0.7283854166666667 0.04513888888888889 0.06953125
0 0.24461805555555555 0.7505208333333333 0.03142361111111111 0.04791666666666667
0 0.21770833333333334 0.7528645833333333 0.03315972222222222 0.045572916666666664
0 0.9680555555555556 0.8578125 0.03090277777777778 0.034375
0 0.9744791666666667 0.8408854166666667 0.024826388888888887 0.021875
0 0.9756944444444444 0.8252604166666667 0.02361111111111111 0.0265625
0 0.9536458333333333 0.81015625 0.0328125 0.025520833333333333
0 0.9491319444444445 0.8252604166666667 0.030208333333333334 0.027083333333333334
0 0.9439236111111111 0.8453125 0.035416666666666666 0.021614583333333333
0 0.9383680555555556 0.8609375 0.034027777777777775 0.03307291666666667
0 0.9454861111111111 0.88125 0.036631944444444446 0.032552083333333336
0 0.9342013888888889 0.9002604166666667 0.0453125 0.09947916666666666
0 0.915625 0.84375 0.034895833333333334 0.029166666666666667
0 0.9135416666666667 0.8247395833333333 0.034895833333333334 0.03046875
0 0.8861111111111111 0.8265625 0.03229166666666667 0.032552083333333336
0 0.8838541666666667 0.8432291666666667 0.033680555555555554 0.029166666666666667
0 0.8746527777777777 0.8609375 0.034027777777777775 0.030729166666666665
0 0.7760416666666666 0.85703125 0.03454861111111111 0.03125
0 0.7888888888888889 0.8411458333333334 0.033680555555555554 0.03177083333333333
0 0.7888888888888889 0.8252604166666667 0.03229166666666667 0.025260416666666667
0 0.7602430555555556 0.8260416666666667 0.03090277777777778 0.028385416666666666
0 0.759375 0.8432291666666667 0.03350694444444444 0.03046875
0 0.7420138888888889 0.8604166666666667 0.03576388888888889 0.03515625
0 0.7442708333333333 0.884375 0.036631944444444446 0.034375
0 0.7557291666666667 0.9015625 0.04513888888888889 0.09817708333333333
0 0.6387152777777778 0.8252604166666667 0.029166666666666667 0.020572916666666666
0 0.6100694444444444 0.88359375 0.033854166666666664 0.03125
0 0.6166666666666667 0.9041666666666667 0.041493055555555554 0.09557291666666666
0 0.5803819444444445 0.90546875 0.042881944444444445 0.09427083333333333
0 0.5772569444444444 0.8869791666666667 0.0296875 0.03307291666666667
0 0.5420138888888889 0.7848958333333333 0.08350694444444444 0.12317708333333334
0 0.0 0.6815104166666667 0.016493055555555556 0.035416666666666666
0 0.7592013888888889 0.190625 0.05520833333333333 0.2296875
0 0.7102430555555556 0.19270833333333334 0.05399305555555556 0.22682291666666668
0 0.6640625 0.19244791666666666 0.052256944444444446 0.22838541666666667
0 0.6246527777777777 0.21015625 0.04635416666666667 0.21015625
0 0.5842013888888888 0.21354166666666666 0.04618055555555556 0.20598958333333334
0 0.5409722222222222 0.21197916666666666 0.04548611111111111 0.20677083333333332
0 0.5111111111111111 0.24479166666666666 0.0375 0.175
0 0.4796875 0.24661458333333333 0.035416666666666666 0.17239583333333333
0 0.12795138888888888 0.24088541666666666 0.04079861111111111 0.17552083333333332
0 0.09583333333333334 0.24088541666666666 0.04079861111111111 0.17473958333333334
0 0.06388888888888888 0.24270833333333333 0.04201388888888889 0.17317708333333334
0 0.49201388888888886 0.5052083333333334 0.027083333333333334 0.16354166666666667
0 0.45364583333333336 0.509375 0.0359375 0.17109375
0 0.42430555555555555 0.50859375 0.03420138888888889 0.17161458333333332
0 0.390625 0.5080729166666667 0.03697916666666667 0.17473958333333334
0 0.3605902777777778 0.5072916666666667 0.036284722222222225 0.17161458333333332
0 0.3289930555555556 0.50625 0.03836805555555556 0.17109375
0 0.2960069444444444 0.5072916666666667 0.03871527777777778 0.17109375
0 0.44774305555555555 0.24661458333333333 0.035416666666666666 0.1703125
0 0.2664930555555556 0.5052083333333334 0.03854166666666667 0.17083333333333334
0 0.23072916666666668 0.5078125 0.03940972222222222 0.17291666666666666
0 0.1996527777777778 0.5080729166666667 0.0390625 0.17265625
0 0.6088541666666667 0.7192708333333333 0.02847222222222222 0.04479166666666667
0 0.5786458333333333 0.7182291666666667 0.03159722222222222 0.04244791666666667
0 0.41388888888888886 0.24348958333333334 0.03767361111111111 0.17395833333333333
0 0.5583333333333333 0.8630208333333333 0.0234375 0.027864583333333335
0 0.4722222222222222 0.9020833333333333 0.042708333333333334 0.096875
0 0.43767361111111114 0.89609375 0.04027777777777778 0.10364583333333334
0 0.44166666666666665 0.8796875 0.03350694444444444 0.03177083333333333
0 0.4050347222222222 0.8989583333333333 0.03836805555555556 0.10078125
0 0.4107638888888889 0.8809895833333333 0.030555555555555555 0.027864583333333335
0 0.4253472222222222 0.8591145833333333 0.03263888888888889 0.03046875
0 0.4239583333333333 0.8424479166666666 0.03576388888888889 0.02578125
0 0.4310763888888889 0.8247395833333333 0.03350694444444444 0.026302083333333334
0 0.365625 0.8981770833333333 0.042708333333333334 0.10182291666666667
0 0.3704861111111111 0.8802083333333334 0.03611111111111111 0.028125
0 0.39375 0.86015625 0.033854166666666664 0.03203125
0 0.3958333333333333 0.8408854166666667 0.03246527777777778 0.025520833333333333
0 0.4059027777777778 0.8234375 0.030034722222222223 0.0265625
0 0.3762152777777778 0.8247395833333333 0.027604166666666666 0.027604166666666666
0 0.365625 0.8427083333333333 0.028645833333333332 0.02421875
0 0.3411458333333333 0.8794270833333333 0.030555555555555555 0.027864583333333335
0 0.32795138888888886 0.86015625 0.03090277777777778 0.033854166666666664
0 0.3328125 0.8421875 0.029340277777777778 0.024739583333333332
0 0.34756944444444443 0.8247395833333333 0.027430555555555555 0.0234375
0 0.31302083333333336 0.8270833333333333 0.029861111111111113 0.022916666666666665
0 0.09913194444444444 0.7895833333333333 0.07430555555555556 0.11302083333333333
0 0.06944444444444445 0.8755208333333333 0.035590277777777776 0.0328125
0 0.06944444444444445 0.8588541666666667 0.034027777777777775 0.037760416666666664
0 0.08454861111111112 0.83984375 0.03263888888888889 0.03125
0 0.0 0.8549479166666667 0.0234375 0.14453125
0 0.0 0.8307291666666666 0.050347222222222224 0.16901041666666666
0 0.022916666666666665 0.20234375 0.0515625 0.21328125
0 0.0 0.20234375 0.03611111111111111 0.21432291666666667
0 0.9526041666666667 0.4552083333333333 0.04722222222222222 0.23046875
0 0.9069444444444444 0.4578125 0.05555555555555555 0.2296875
0 0.8574652777777778 0.4583333333333333 0.059375 0.22734375
0 0.8114583333333333 0.4583333333333333 0.05677083333333333 0.22916666666666666
0 0.8114583333333333 0.4583333333333333 0.05677083333333333 0.22916666666666666
0 0.9069444444444444 0.4578125 0.05555555555555555 0.2296875
0 0.7621527777777778 0.45651041666666664 0.05590277777777778 0.22838541666666667
0 0.7131944444444445 0.45703125 0.05503472222222222 0.22578125
0 0.16024305555555557 0.24244791666666668 0.04045138888888889 0.17265625
0 0.6619791666666667 0.45703125 0.04982638888888889 0.22447916666666667
0 0.6229166666666667 0.47682291666666665 0.04618055555555556 0.20598958333333334
0 0.5819444444444445 0.47682291666666665 0.04756944444444444 0.20520833333333333
0 0.5439236111111111 0.47682291666666665 0.04583333333333333 0.2046875
0 0.08715277777777777 0.68671875 0.028645833333333332 0.03046875
0 0.8819444444444444 0.0018229166666666667 0.05260416666666667 0.14505208333333333
0 0.0005208333333333333 0.00078125 0.0375 0.140625
0 0.9487847222222222 0.19036458333333334 0.051215277777777776 0.23046875
0 0.8984375 0.19114583333333332 0.057291666666666664 0.23098958333333333
0 0.6998263888888889 0.0 0.044097222222222225 0.146875
0 0.6574652777777777 0.00078125 0.04635416666666667 0.14609375
0 0.6175347222222223 0.0010416666666666667 0.044097222222222225 0.14270833333333333
0 0.5772569444444444 0.0 0.04375 0.1453125
0 0.5335069444444445 0.0 0.04704861111111111 0.14348958333333334
0 0.5064236111111111 0.0010416666666666667 0.03298611111111111 0.14270833333333333
0 0.8755208333333333 0.8776041666666666 0.036284722222222225 0.03515625
0 0.8944444444444445 0.8989583333333333 0.04548611111111111 0.10052083333333334
0 0.8623263888888889 0.9015625 0.044097222222222225 0.09791666666666667
0 0.8428819444444444 0.8802083333333334 0.0375 0.03463541666666667
0 0.8383680555555556 0.8596354166666667 0.03715277777777778 0.0359375
0 0.8560763888888889 0.84453125 0.036631944444444446 0.03307291666666667
0 0.8534722222222222 0.8291666666666667 0.03784722222222222 0.03463541666666667
0 0.8282986111111111 0.8278645833333333 0.03211805555555555 0.029166666666666667
0 0.8211805555555556 0.8424479166666666 0.034027777777777775 0.02578125
0 0.8100694444444444 0.8596354166666667 0.03090277777777778 0.03125
0 0.8128472222222223 0.8802083333333334 0.03263888888888889 0.03515625
0 0.8251736111111111 0.9028645833333333 0.04496527777777778 0.096875
0 0.7920138888888889 0.9020833333333333 0.04236111111111111 0.09765625
0 0.7760416666666666 0.8802083333333334 0.036284722222222225 0.04114583333333333
0 0.11284722222222222 0.6859375 0.028125 0.030989583333333334
0 0.059895833333333336 0.14947916666666666 0.030729166666666665 0.03177083333333333
0 0.0 0.1421875 0.024305555555555556 0.03463541666666667
0 0.9371527777777777 0.4278645833333333 0.02795138888888889 0.028385416666666666
0 0.9085069444444445 0.428125 0.03107638888888889 0.028125
0 0.7161458333333334 0.42682291666666666 0.028645833333333332 0.029427083333333333
0 0.6881944444444444 0.6880208333333333 0.03125 0.03229166666666667
0 0.5765625 0.6809895833333334 0.02847222222222222 0.030989583333333334
0 0.25729166666666664 0.8270833333333333 0.0296875 0.0265625
0 0.24079861111111112 0.8440104166666667 0.03211805555555555 0.0265625
0 0.025347222222222222 0.81328125 0.04861111111111111 0.11822916666666666
0 0.05625 0.7921875 0.043055555555555555 0.0765625
0 0.08159722222222222 0.7755208333333333 0.041840277777777775 0.065625
0 0.00017361111111111112 0.8104166666666667 0.021354166666666667 0.027864583333333335
0 0.019097222222222224 0.7885416666666667 0.035243055555555555 0.036458333333333336
0 0.04618055555555556 0.7734375 0.03107638888888889 0.027604166666666666
0 0.9223958333333333 0.15390625 0.02829861111111111 0.03046875
0 0.7159722222222222 0.68984375 0.027604166666666666 0.028385416666666666
0 0.3875 0.6888020833333334 0.029340277777777778 0.029166666666666667
0 0.3607638888888889 0.6875 0.03107638888888889 0.031510416666666666
0 0.2701388888888889 0.6838541666666667 0.030555555555555555 0.031510416666666666
0 0.2328125 0.8572916666666667 0.03211805555555555 0.03854166666666667
0 0.17256944444444444 0.6854166666666667 0.03125 0.031510416666666666
0 0.9104166666666667 0.87890625 0.0375 0.040364583333333336
0 0.9072916666666667 0.8604166666666667 0.03576388888888889 0.03125
0 0.48541666666666666 0.84453125 0.03090277777777778 0.023697916666666666
0 0.49288194444444444 0.8252604166666667 0.01857638888888889 0.023177083333333334
0 0.46458333333333335 0.8231770833333333 0.02795138888888889 0.029947916666666668
0 0.4576388888888889 0.8596354166666667 0.03090277777777778 0.03046875
0 0.08020833333333334 0.8973958333333333 0.0421875 0.10130208333333333
0 0.04618055555555556 0.8966145833333333 0.041840277777777775 0.10286458333333333
0 0.3355902777777778 0.14088541666666668 0.065625 0.1
0 0.28506944444444443 0.15078125 0.03107638888888889 0.029166666666666667
0 0.25763888888888886 0.14817708333333332 0.030381944444444444 0.03203125
0 0.16354166666666667 0.14140625 0.06631944444444444 0.09401041666666667
0 0.0876736111111111 0.15 0.02847222222222222 0.028385416666666666
0 0.6876736111111111 0.4244791666666667 0.03246527777777778 0.030729166666666665
0 0.5913194444444444 0.4265625 0.02847222222222222 0.03046875
0 0.5626736111111111 0.4239583333333333 0.03229166666666667 0.030989583333333334
0 0.4534722222222222 0.41848958333333336 0.06145833333333333 0.09817708333333333
0 0.3871527777777778 0.4239583333333333 0.029513888888888888 0.028385416666666666
0 0.3605902777777778 0.42265625 0.03090277777777778 0.030729166666666665
0 0.26284722222222223 0.4127604166666667 0.06649305555555556 0.096875
0 0.1717013888888889 0.4127604166666667 0.06319444444444444 0.09375
0 0.10086805555555556 0.42135416666666664 0.029166666666666667 0.030208333333333334
0 0.45850694444444445 0.6877604166666667 0.029861111111111113 0.0296875
0 0.6673611111111111 0.84375 0.03090277777777778 0.02265625
0 0.7208333333333333 0.8973958333333333 0.042881944444444445 0.10234375
0 0.7067708333333333 0.8796875 0.03923611111111111 0.029166666666666667
0 0.7147569444444445 0.8596354166666667 0.034895833333333334 0.03203125
0 0.7305555555555555 0.8432291666666667 0.03177083333333333 0.027864583333333335
0 0.7284722222222222 0.8231770833333333 0.03090277777777778 0.029166666666666667
0 0.7019097222222223 0.8463541666666666 0.03315972222222222 0.029947916666666668
0 0.6987847222222222 0.8247395833333333 0.03142361111111111 0.028385416666666666
0 0.6678819444444445 0.8247395833333333 0.02829861111111111 0.026302083333333334
0 0.6850694444444444 0.8981770833333333 0.04236111111111111 0.1015625
0 0.6527777777777778 0.9033854166666667 0.040625 0.09635416666666667
0 0.5817708333333333 0.7921875 0.08871527777777778 0.11666666666666667
0 0.6449652777777778 0.8419270833333333 0.022916666666666665 0.019010416666666665
0 0.4557291666666667 0.8424479166666666 0.03194444444444444 0.0265625
0 0.7810763888888889 0.00078125 0.0515625 0.146875
0 0.1763888888888889 0.00026041666666666666 0.041840277777777775 0.14244791666666667
0 0.1451388888888889 0.0005208333333333333 0.03993055555555555 0.14192708333333334
0 0.10503472222222222 0.0 0.043055555555555555 0.14244791666666667
0 0.06753472222222222 0.0 0.035590277777777776 0.14270833333333333
0 0.022916666666666665 0.00026041666666666666 0.057118055555555554 0.14192708333333334
0 0.32048611111111114 0.7057291666666666 0.024305555555555556 0.03229166666666667
0 0.34618055555555555 0.7419270833333333 0.021180555555555557 0.03307291666666667
0 0.9769097222222223 0.8802083333333334 0.022395833333333334 0.02578125
0 0.29618055555555556 0.6846354166666667 0.028645833333333332 0.031510416666666666
0 0.1909722222222222 0.7497395833333333 0.033680555555555554 0.04869791666666667
0 0.1642361111111111 0.7575520833333333 0.0328125 0.04114583333333333
0 0.9696180555555556 0.9013020833333333 0.030208333333333334 0.09739583333333333
0 0.303125 0.8372395833333334 0.02847222222222222 0.031510416666666666
0 0.29496527777777776 0.8591145833333333 0.033854166666666664 0.03359375
0 0.30659722222222224 0.87890625 0.03298611111111111 0.027864583333333335
0 0.29704861111111114 0.8971354166666666 0.04010416666666667 0.10260416666666666
0 0.16961805555555556 0.5080729166666667 0.03715277777777778 0.17317708333333334
0 0.13923611111111112 0.50703125 0.0390625 0.17265625
0 0.11232638888888889 0.5075520833333333 0.036631944444444446 0.16979166666666667
0 0.07847222222222222 0.5080729166666667 0.04201388888888889 0.16979166666666667
0 0.04826388888888889 0.4674479166666667 0.04079861111111111 0.20833333333333334
0 0.0046875 0.4671875 0.05694444444444444 0.21380208333333334
0 0.0005208333333333333 0.46796875 0.016666666666666666 0.21197916666666666
0 0.9380208333333333 0.7221354166666667 0.03454861111111111 0.04114583333333333
0 0.9111111111111111 0.7205729166666667 0.034722222222222224 0.04401041666666667
0 0.8786458333333333 0.721875 0.03888888888888889 0.0421875
0 0.85 0.7203125 0.03975694444444444 0.04453125
0 0.8019097222222222 0.7192708333333333 0.0609375 0.04140625
0 0.6835069444444445 0.7197916666666667 0.036284722222222225 0.04375
0 0.6578125 0.7192708333333333 0.0328125 0.04479166666666667
0 0.6347222222222222 0.7192708333333333 0.029166666666666667 0.043229166666666666
0 0.1453125 0.7888020833333333 0.06597222222222222 0.11953125
0 0.5154513888888889 0.5098958333333333 0.035590277777777776 0.1734375
0 0.07309027777777778 0.42239583333333336 0.03142361111111111 0.030729166666666665
0 0.8939236111111111 0.15260416666666668 0.03194444444444444 0.03046875
0 0.8213541666666667 0.15338541666666666 0.02795138888888889 0.030729166666666665
0 0.7918402777777778 0.15338541666666666 0.03246527777777778 0.030729166666666665
0 0.6881944444444444 0.15390625 0.0296875 0.028645833333333332
0 0.6602430555555555 0.15182291666666667 0.03125 0.03125
0 0.6079861111111111 0.15234375 0.029861111111111113 0.030208333333333334
0 0.58125 0.15078125 0.03142361111111111 0.030989583333333334
0 0.22395833333333334 0.89609375 0.04131944444444444 0.10364583333333334
0 0.23854166666666668 0.8807291666666667 0.036458333333333336 0.029947916666666668
0 0.18611111111111112 0.8981770833333333 0.04375 0.10052083333333334
0 0.1996527777777778 0.8596354166666667 0.030729166666666665 0.03203125
0 0.20850694444444445 0.84140625 0.03211805555555555 0.025520833333333333
0 0.22743055555555555 0.8260416666666667 0.03298611111111111 0.036458333333333336
0 0.19930555555555557 0.8236979166666667 0.025173611111111112 0.030729166666666665
0 0.1720486111111111 0.8783854166666667 0.03298611111111111 0.03723958333333333
0 0.153125 0.9002604166666667 0.04079861111111111 0.09947916666666666
0 0.11753472222222222 0.896875 0.03993055555555555 0.10286458333333333
0 0.5432291666666667 0.9033854166666667 0.042881944444444445 0.09635416666666667
0 0.5097222222222222 0.9046875 0.03923611111111111 0.09505208333333333
0 0.5079861111111111 0.88359375 0.035243055555555555 0.027864583333333335
0 0.48628472222222224 0.8609375 0.03350694444444444 0.03203125
0 0.4765625 0.8856770833333333 0.034027777777777775 0.02578125
0 0.2609375 0.89765625 0.04010416666666667 0.10182291666666667
0 0.2737847222222222 0.8783854166666667 0.030034722222222223 0.032552083333333336
0 0.26458333333333334 0.8596354166666667 0.033680555555555554 0.03567708333333333
0 0.2725694444444444 0.8453125 0.03177083333333333 0.0234375
0 0.4484375 0.14244791666666667 0.057118055555555554 0.10598958333333333
0 0.38958333333333334 0.146875 0.0296875 0.03619791666666667
0 0.6020833333333333 0.6828125 0.030381944444444444 0.03125
0 0.4847222222222222 0.6880208333333333 0.028819444444444446 0.03177083333333333
0 0.2 0.6833333333333333 0.02829861111111111 0.032552083333333336
0 0.0125 0.6786458333333333 0.029513888888888888 0.034375
0 0.6776041666666667 0.8578125 0.03576388888888889 0.03567708333333333
0 0.6776041666666667 0.8815104166666666 0.03090277777777778 0.028645833333333332
0 0.3315972222222222 0.9005208333333333 0.03940972222222222 0.09921875
0 0.28663194444444445 0.8229166666666666 0.03125 0.030208333333333334
0 0.20555555555555555 0.8778645833333333 0.03107638888888889 0.03411458333333333
0 0.3585069444444444 0.8567708333333334 0.03090277777777778 0.03229166666666667
0 0.5 0.7940104166666667 0.06545138888888889 0.11614583333333334
0 0.3458333333333333 0.71640625 0.014583333333333334 0.022135416666666668
0 0.7399305555555555 0.0 0.042881944444444445 0.14609375
