0 0.009548611111111112 0.0030555555555555557 0.04079861111111111 0.16027777777777777
0 0.05260416666666667 0.003611111111111111 0.03715277777777778 0.1597222222222222
0 0.0920138888888889 0.0019444444444444444 0.04375 0.165
0 0.1515625 0.004166666666666667 0.04774305555555555 0.1638888888888889
0 0.20677083333333332 0.001388888888888889 0.027430555555555555 0.16472222222222221
0 0.23628472222222222 0.005277777777777778 0.022743055555555555 0.15638888888888888
0 0.2612847222222222 0.009444444444444445 0.02673611111111111 0.155
0 0.29010416666666666 0.011111111111111112 0.024652777777777777 0.1575
0 0.3177083333333333 0.01361111111111111 0.024479166666666666 0.15333333333333332
0 0.3440972222222222 0.013055555555555556 0.02378472222222222 0.15444444444444444
0 0.3692708333333333 0.015833333333333335 0.022569444444444444 0.1511111111111111
0 0.39427083333333335 0.01361111111111111 0.022395833333333334 0.15333333333333332
0 0.4192708333333333 0.011666666666666667 0.025 0.1597222222222222
0 0.44600694444444444 0.014722222222222222 0.0234375 0.15388888888888888
0 0.4701388888888889 0.011666666666666667 0.02361111111111111 0.15583333333333332
0 0.4951388888888889 0.011666666666666667 0.022395833333333334 0.15694444444444444
0 0.5201388888888889 0.011666666666666667 0.022395833333333334 0.15583333333333332
0 0.5454861111111111 0.011666666666666667 0.022395833333333334 0.15444444444444444
0 0.5699652777777777 0.012222222222222223 0.025 0.15694444444444444
0 0.5946180555555556 0.0025 0.030034722222222223 0.16777777777777778
0 0.6267361111111112 0.0019444444444444444 0.027604166666666666 0.16666666666666666
0 0.6578125 0.001388888888888889 0.027256944444444445 0.16666666666666666
0 0.6897569444444445 0.005277777777777778 0.0296875 0.1661111111111111
0 0.7222222222222222 0.004722222222222222 0.02673611111111111 0.16444444444444445
0 0.7519097222222222 0.0025 0.03246527777777778 0.16555555555555557
0 0.8043402777777777 0.02277777777777778 0.03177083333333333 0.14694444444444443
0 0.834375 0.04138888888888889 0.009027777777777777 0.12416666666666666
0 0.8460069444444445 0.014722222222222222 0.027777777777777776 0.15333333333333332
0 0.8755208333333333 0.0077777777777777776 0.024305555555555556 0.16194444444444445
0 0.9019097222222222 0.012222222222222223 0.02326388888888889 0.15527777777777776
0 0.9276041666666667 0.005277777777777778 0.029340277777777778 0.16111111111111112
0 0.9583333333333334 0.010555555555555556 0.024305555555555556 0.15638888888888888
0 0.9833333333333333 0.02 0.010416666666666666 0.14444444444444443
0 0.9967013888888889 0.023333333333333334 0.002951388888888889 0.14
0 0.00017361111111111112 0.25333333333333335 0.024479166666666666 0.1475
0 0.02361111111111111 0.22055555555555556 0.042881944444444445 0.17916666666666667
0 0.06875 0.21861111111111112 0.042534722222222224 0.1827777777777778
0 0.10190972222222222 0.25277777777777777 0.03090277777777778 0.14444444444444443
0 0.14166666666666666 0.2513888888888889 0.03871527777777778 0.1486111111111111
0 0.2152777777777778 0.2569444444444444 0.028819444444444446 0.14027777777777778
0 0.2439236111111111 0.25416666666666665 0.021701388888888888 0.14444444444444443
0 0.2647569444444444 0.2536111111111111 0.027604166666666666 0.14722222222222223
0 0.29131944444444446 0.2544444444444444 0.025520833333333333 0.14666666666666667
0 0.3157986111111111 0.25416666666666665 0.02621527777777778 0.14444444444444443
0 0.34375 0.25527777777777777 0.0234375 0.14333333333333334
0 0.36788194444444444 0.25416666666666665 0.024479166666666666 0.1438888888888889
0 0.3940972222222222 0.25416666666666665 0.02378472222222222 0.14333333333333334
0 0.42083333333333334 0.25222222222222224 0.021701388888888888 0.14777777777777779
0 0.4444444444444444 0.255 0.02326388888888889 0.1425
0 0.4684027777777778 0.25333333333333335 0.023958333333333335 0.145
0 0.49409722222222224 0.25527777777777777 0.0234375 0.14416666666666667
0 0.5185763888888889 0.21861111111111112 0.030381944444444444 0.18055555555555555
0 0.5503472222222222 0.21861111111111112 0.02829861111111111 0.17972222222222223
0 0.5807291666666666 0.21888888888888888 0.02673611111111111 0.17972222222222223
0 0.6097222222222223 0.21694444444444444 0.028645833333333332 0.1802777777777778
0 0.6407986111111111 0.21638888888888888 0.029166666666666667 0.18305555555555555
0 0.6671875 0.22722222222222221 0.021875 0.16833333333333333
0 0.6907986111111111 0.22916666666666666 0.00798611111111111 0.17
0 0.703125 0.22277777777777777 0.027083333333333334 0.1736111111111111
0 0.7347222222222223 0.22138888888888889 0.027604166666666666 0.17722222222222223
0 0.7645833333333333 0.25222222222222224 0.0234375 0.14722222222222223
0 0.7899305555555556 0.25083333333333335 0.0234375 0.14666666666666667
0 0.8144097222222222 0.24972222222222223 0.025 0.14694444444444443
0 0.8411458333333334 0.25166666666666665 0.021527777777777778 0.1463888888888889
0 0.8628472222222222 0.25222222222222224 0.025694444444444443 0.14527777777777778
0 0.8885416666666667 0.25416666666666665 0.0203125 0.14444444444444443
0 0.9097222222222222 0.2619444444444444 0.006944444444444444 0.1361111111111111
0 0.9206597222222223 0.25416666666666665 0.029513888888888888 0.14555555555555555
0 0.9510416666666667 0.2608333333333333 0.013541666666666667 0.12833333333333333
0 0.9657986111111111 0.25722222222222224 0.019097222222222224 0.14083333333333334
0 0.9901041666666667 0.2577777777777778 0.009027777777777777 0.14027777777777778
0 0.0006944444444444445 0.020555555555555556 0.011458333333333333 0.14444444444444443
0 0.0006944444444444445 0.48138888888888887 0.012326388888888888 0.13777777777777778
0 0.014756944444444444 0.48 0.020833333333333332 0.13472222222222222
0 0.03836805555555556 0.44416666666666665 0.0359375 0.17333333333333334
0 0.07743055555555556 0.4452777777777778 0.035069444444444445 0.17055555555555554
0 0.1154513888888889 0.44805555555555554 0.034895833333333334 0.17166666666666666
0 0.1519097222222222 0.4483333333333333 0.03420138888888889 0.1738888888888889
0 0.18888888888888888 0.44972222222222225 0.034722222222222224 0.1711111111111111
0 0.2248263888888889 0.48138888888888887 0.02361111111111111 0.1361111111111111
0 0.24861111111111112 0.48055555555555557 0.025 0.1361111111111111
0 0.275 0.48055555555555557 0.02309027777777778 0.14027777777777778
0 0.2984375 0.47833333333333333 0.021701388888888888 0.14055555555555554
0 0.3234375 0.47694444444444445 0.02309027777777778 0.14055555555555554
0 0.34913194444444445 0.4761111111111111 0.025 0.14222222222222222
0 0.37274305555555554 0.4761111111111111 0.024826388888888887 0.14
0 0.4 0.47694444444444445 0.02326388888888889 0.14166666666666666
0 0.42413194444444446 0.4766666666666667 0.022048611111111113 0.1438888888888889
0 0.44809027777777777 0.47305555555555556 0.02361111111111111 0.14916666666666667
0 0.47413194444444445 0.4766666666666667 0.022048611111111113 0.1438888888888889
0 0.49774305555555554 0.4752777777777778 0.021527777777777778 0.14527777777777778
0 0.5206597222222222 0.45 0.027083333333333334 0.16277777777777777
0 0.5501736111111111 0.44666666666666666 0.02829861111111111 0.16916666666666666
0 0.5803819444444445 0.4475 0.02795138888888889 0.16944444444444445
0 0.6100694444444444 0.44805555555555554 0.024826388888888887 0.17027777777777778
0 0.6375 0.44583333333333336 0.028993055555555557 0.1725
0 0.6689236111111111 0.4436111111111111 0.024826388888888887 0.1738888888888889
0 0.6961805555555556 0.4411111111111111 0.029166666666666667 0.1775
0 0.7267361111111111 0.4425 0.021527777777777778 0.17194444444444446
0 0.7505208333333333 0.47583333333333333 0.024826388888888887 0.14194444444444446
0 0.7758680555555556 0.4766666666666667 0.02065972222222222 0.1413888888888889
0 0.7980902777777777 0.47638888888888886 0.025173611111111112 0.1411111111111111
0 0.8256944444444444 0.47444444444444445 0.022222222222222223 0.1436111111111111
0 0.8503472222222223 0.47638888888888886 0.021875 0.14472222222222222
0 0.8760416666666667 0.4791666666666667 0.022395833333333334 0.14222222222222222
0 0.9005208333333333 0.4802777777777778 0.019270833333333334 0.13833333333333334
0 0.921875 0.4772222222222222 0.02326388888888889 0.14027777777777778
0 0.9482638888888889 0.4766666666666667 0.025868055555555554 0.1436111111111111
0 0.9756944444444444 0.4727777777777778 0.02309027777777778 0.1463888888888889
0 0.002951388888888889 0.6591666666666667 0.013194444444444444 0.020555555555555556
0 0.019618055555555555 0.67 0.009895833333333333 0.021666666666666667
0 0.0012152777777777778 0.6852777777777778 0.011979166666666667 0.013055555555555556
0 0.04826388888888889 0.6711111111111111 0.015277777777777777 0.01611111111111111
0 0.03333333333333333 0.6844444444444444 0.016666666666666666 0.017222222222222222
0 0.012152777777777778 0.7002777777777778 0.018055555555555554 0.017777777777777778
0 0.05486111111111111 0.6905555555555556 0.0203125 0.010555555555555556
0 0.07309027777777778 0.6794444444444444 0.01875 0.011111111111111112
0 0.0859375 0.6636111111111112 0.01545138888888889 0.015833333333333335
0 0.09965277777777778 0.6569444444444444 0.013020833333333334 0.01138888888888889
0 0.0 0.7283333333333334 0.02326388888888889 0.19777777777777777
0 0.008333333333333333 0.7202777777777778 0.03975694444444444 0.17944444444444443
0 0.033680555555555554 0.7083333333333334 0.025173611111111112 0.16666666666666666
0 0.06024305555555556 0.7083333333333334 0.02795138888888889 0.16833333333333333
0 0.08159722222222222 0.6944444444444444 0.024652777777777777 0.015833333333333335
0 0.10138888888888889 0.6805555555555556 0.019270833333333334 0.014166666666666666
0 0.1111111111111111 0.6719444444444445 0.017534722222222222 0.009444444444444445
0 0.12569444444444444 0.6627777777777778 0.019791666666666666 0.03194444444444444
0 0.1423611111111111 0.6558333333333334 0.022916666666666665 0.043333333333333335
0 0.11302083333333333 0.6958333333333333 0.021701388888888888 0.014166666666666666
0 0.09184027777777778 0.7147222222222223 0.029513888888888888 0.1725
0 0.1295138888888889 0.7152777777777778 0.022395833333333334 0.029444444444444443
0 0.14583333333333334 0.7038888888888889 0.01857638888888889 0.02277777777777778
0 0.1284722222222222 0.7463888888888889 0.04045138888888889 0.20222222222222222
0 0.17152777777777778 0.7463888888888889 0.04375 0.20694444444444443
0 0.1529513888888889 0.7297222222222223 0.022222222222222223 0.014722222222222222
0 0.16510416666666666 0.7119444444444445 0.0171875 0.020277777777777777
0 0.1796875 0.6975 0.019270833333333334 0.021944444444444444
0 0.1920138888888889 0.6838888888888889 0.019270833333333334 0.01861111111111111
0 0.20590277777777777 0.6705555555555556 0.019965277777777776 0.013055555555555556
0 0.23802083333333332 0.6708333333333333 0.02013888888888889 0.04583333333333333
0 0.22586805555555556 0.6913888888888889 0.021701388888888888 0.030833333333333334
0 0.2170138888888889 0.6977777777777778 0.022916666666666665 0.041944444444444444
0 0.20121527777777778 0.7152777777777778 0.024131944444444445 0.05555555555555555
0 0.18958333333333333 0.7386111111111111 0.02638888888888889 0.060833333333333336
0 0.21770833333333334 0.7911111111111111 0.022743055555555555 0.1511111111111111
0 0.2421875 0.7930555555555555 0.024479166666666666 0.15472222222222223
0 0.2699652777777778 0.7919444444444445 0.02326388888888889 0.15833333333333333
0 0.2939236111111111 0.7902777777777777 0.027083333333333334 0.1625
0 0.3269097222222222 0.7961111111111111 0.025173611111111112 0.15527777777777776
0 0.3560763888888889 0.7972222222222223 0.027777777777777776 0.155
0 0.38385416666666666 0.7972222222222223 0.0234375 0.14805555555555555
0 0.4111111111111111 0.7952777777777778 0.024652777777777777 0.15416666666666667
0 0.43767361111111114 0.7961111111111111 0.02378472222222222 0.15416666666666667
0 0.4612847222222222 0.7966666666666666 0.029861111111111113 0.155
0 0.4970486111111111 0.7547222222222222 0.025694444444444443 0.19055555555555556
0 0.5244791666666667 0.7538888888888889 0.030555555555555555 0.19333333333333333
0 0.5581597222222222 0.7519444444444444 0.03194444444444444 0.19722222222222222
0 0.5921875 0.75 0.03159722222222222 0.20027777777777778
0 0.6232638888888888 0.7486111111111111 0.025173611111111112 0.18944444444444444
0 0.6513888888888889 0.7455555555555555 0.03315972222222222 0.19694444444444445
0 0.7263888888888889 0.7608333333333334 0.03784722222222222 0.19277777777777777
0 0.7670138888888889 0.7602777777777778 0.033854166666666664 0.2011111111111111
0 0.7128472222222222 0.7486111111111111 0.029513888888888888 0.17472222222222222
0 0.7022569444444444 0.7269444444444444 0.022743055555555555 0.17722222222222223
0 0.6958333333333333 0.7147222222222223 0.02048611111111111 0.16472222222222221
0 0.6921875 0.7063888888888888 0.0140625 0.15694444444444444
0 0.6829861111111111 0.6933333333333334 0.013194444444444444 0.15194444444444444
0 0.7512152777777777 0.7438888888888889 0.024826388888888887 0.014166666666666666
0 0.7381944444444445 0.7308333333333333 0.02048611111111111 0.011666666666666667
0 0.7354166666666667 0.7194444444444444 0.018055555555555554 0.008055555555555555
0 0.7239583333333334 0.7061111111111111 0.0203125 0.009444444444444445
0 0.7159722222222222 0.695 0.0171875 0.008333333333333333
0 0.2673611111111111 0.7083333333333334 0.010243055555555556 0.011111111111111112
0 0.28524305555555557 0.7080555555555555 0.016493055555555556 0.01138888888888889
0 0.2821180555555556 0.7188888888888889 0.0109375 0.016666666666666666
0 0.26145833333333335 0.7188888888888889 0.009895833333333333 0.008888888888888889
0 0.2746527777777778 0.7272222222222222 0.011284722222222222 0.018333333333333333
0 0.2685763888888889 0.7372222222222222 0.011805555555555555 0.015
0 0.2520833333333333 0.7266666666666667 0.010763888888888889 0.01138888888888889
0 0.2453125 0.7397222222222222 0.012326388888888888 0.008333333333333333
0 0.23715277777777777 0.7536111111111111 0.016319444444444445 0.004722222222222222
0 0.23177083333333334 0.7622222222222222 0.014409722222222223 0.0075
0 0.2230902777777778 0.775 0.016840277777777777 0.008611111111111111
0 0.25069444444444444 0.7716666666666666 0.0140625 0.014722222222222222
0 0.25833333333333336 0.7594444444444445 0.013541666666666667 0.013333333333333334
0 0.26180555555555557 0.75 0.016145833333333335 0.015
0 0.27621527777777777 0.7744444444444445 0.017013888888888887 0.013333333333333334
0 0.28489583333333335 0.7588888888888888 0.015104166666666667 0.01638888888888889
0 0.28975694444444444 0.7508333333333334 0.016840277777777777 0.011666666666666667
0 0.29270833333333335 0.7369444444444444 0.015277777777777777 0.012222222222222223
0 0.2994791666666667 0.73 0.016666666666666666 0.008333333333333333
0 0.30833333333333335 0.7177777777777777 0.008680555555555556 0.011111111111111112
0 0.309375 0.7086111111111111 0.01423611111111111 0.01361111111111111
0 0.3295138888888889 0.7063888888888888 0.017708333333333333 0.015
0 0.32534722222222223 0.7233333333333334 0.016666666666666666 0.009166666666666667
0 0.3211805555555556 0.7341666666666666 0.015625 0.006944444444444444
0 0.31197916666666664 0.7444444444444445 0.02309027777777778 0.010555555555555556
0 0.3092013888888889 0.7588888888888888 0.021354166666666667 0.005277777777777778
0 0.30451388888888886 0.77 0.022916666666666665 0.010833333333333334
0 0.3003472222222222 0.7780555555555555 0.025173611111111112 0.013055555555555556
0 0.3307291666666667 0.7788888888888889 0.023958333333333335 0.01138888888888889
0 0.3567708333333333 0.7791666666666667 0.0234375 0.011944444444444445
0 0.33576388888888886 0.7633333333333333 0.01892361111111111 0.013888888888888888
0 0.3578125 0.7652777777777777 0.022395833333333334 0.011666666666666667
0 0.3368055555555556 0.7519444444444444 0.019618055555555555 0.008333333333333333
0 0.35920138888888886 0.7494444444444445 0.022048611111111113 0.012777777777777779
0 0.3607638888888889 0.7425 0.017013888888888887 0.0075
0 0.3663194444444444 0.7305555555555555 0.019965277777777776 0.01888888888888889
0 0.37100694444444443 0.7183333333333334 0.017881944444444443 0.014444444444444444
0 0.37274305555555554 0.7086111111111111 0.019791666666666666 0.011666666666666667
0 0.3546875 0.7102777777777778 0.016319444444444445 0.01
0 0.34878472222222223 0.7191666666666666 0.013715277777777778 0.012222222222222223
0 0.3421875 0.7319444444444444 0.018055555555555554 0.008055555555555555
0 0.33819444444444446 0.7422222222222222 0.019444444444444445 0.008611111111111111
0 0.38559027777777777 0.7747222222222222 0.021180555555555557 0.010277777777777778
0 0.4109375 0.7727777777777778 0.021701388888888888 0.013055555555555556
0 0.41006944444444443 0.7594444444444445 0.022222222222222223 0.013055555555555556
0 0.3859375 0.76 0.021701388888888888 0.0125
0 0.38819444444444445 0.7444444444444445 0.019965277777777776 0.014166666666666666
0 0.4105902777777778 0.7447222222222222 0.02013888888888889 0.011944444444444445
0 0.4387152777777778 0.78 0.021006944444444446 0.008611111111111111
0 0.4642361111111111 0.7763888888888889 0.02048611111111111 0.015555555555555555
0 0.46041666666666664 0.7630555555555556 0.021701388888888888 0.010555555555555556
0 0.43854166666666666 0.7633333333333333 0.01875 0.01138888888888889
0 0.43524305555555554 0.7516666666666667 0.019270833333333334 0.0075
0 0.4621527777777778 0.7541666666666667 0.019618055555555555 0.006388888888888889
0 0.43645833333333334 0.7419444444444444 0.02048611111111111 0.006388888888888889
0 0.4362847222222222 0.7283333333333334 0.016840277777777777 0.012222222222222223
0 0.43472222222222223 0.7147222222222223 0.015625 0.009444444444444445
0 0.45555555555555555 0.7127777777777777 0.017708333333333333 0.01
0 0.4552083333333333 0.7258333333333333 0.021354166666666667 0.0044444444444444444
0 0.45989583333333334 0.7361111111111112 0.019097222222222224 0.0025
0 0.4595486111111111 0.7416666666666667 0.02065972222222222 0.01
0 0.48940972222222223 0.7247222222222223 0.019270833333333334 0.004722222222222222
0 0.49375 0.7358333333333333 0.019270833333333334 0.0125
0 0.5234375 0.7408333333333333 0.021006944444444446 0.008055555555555555
0 0.5168402777777777 0.725 0.024652777777777777 0.009444444444444445
0 0.5536458333333333 0.7286111111111111 0.021875 0.0044444444444444444
0 0.5578125 0.7405555555555555 0.019965277777777776 0.006111111111111111
0 0.5829861111111111 0.7255555555555555 0.02309027777777778 0.009166666666666667
0 0.5852430555555556 0.7411111111111112 0.02065972222222222 0.007222222222222222
0 0.6164930555555556 0.7327777777777778 0.02309027777777778 0.013333333333333334
0 0.6434027777777778 0.7330555555555556 0.02673611111111111 0.009722222222222222
0 0.6387152777777778 0.7188888888888889 0.02309027777777778 0.011111111111111112
0 0.6081597222222223 0.7161111111111111 0.021701388888888888 0.011111111111111112
0 0.6118055555555556 0.6994444444444444 0.019791666666666666 0.013055555555555556
0 0.6375 0.6991666666666667 0.024479166666666666 0.02
0 0.6340277777777777 0.6891666666666667 0.019791666666666666 0.009166666666666667
0 0.6227430555555555 0.6783333333333333 0.021527777777777778 0.006666666666666667
0 0.9810763888888889 0.7936111111111112 0.017534722222222222 0.16694444444444445
0 0.9503472222222222 0.7936111111111112 0.025173611111111112 0.15472222222222223
0 0.9262152777777778 0.7944444444444444 0.021006944444444446 0.15888888888888889
0 0.8979166666666667 0.7975 0.024652777777777777 0.15666666666666668
0 0.8744791666666667 0.795 0.021875 0.16027777777777777
0 0.8442708333333333 0.7955555555555556 0.0265625 0.16111111111111112
0 0.8131944444444444 0.79 0.027777777777777776 0.16527777777777777
0 0.7911458333333333 0.7188888888888889 0.08194444444444444 0.0725
0 0.8262152777777778 0.7116666666666667 0.08524305555555556 0.0811111111111111
0 0.7748263888888889 0.6541666666666667 0.028125 0.03805555555555556
0 0.7465277777777778 0.6966666666666667 0.03350694444444444 0.026944444444444444
0 0.7826388888888889 0.6947222222222222 0.017881944444444443 0.03138888888888889
0 0.8036458333333333 0.6533333333333333 0.02065972222222222 0.04027777777777778
0 0.8272569444444444 0.6530555555555555 0.01892361111111111 0.04111111111111111
0 0.8484375 0.6522222222222223 0.015625 0.04083333333333333
0 0.8026041666666667 0.6975 0.019965277777777776 0.021666666666666667
0 0.8265625 0.6972222222222222 0.016840277777777777 0.01861111111111111
0 0.8460069444444445 0.6961111111111111 0.017013888888888887 0.02722222222222222
0 0.865625 0.655 0.012326388888888888 0.021111111111111112
0 0.8670138888888889 0.6802777777777778 0.011284722222222222 0.0275
0 0.8803819444444444 0.6530555555555555 0.0109375 0.028055555555555556
0 0.8807291666666667 0.6847222222222222 0.01597222222222222 0.023333333333333334
0 0.9256944444444445 0.6572222222222223 0.0109375 0.020277777777777777
0 0.9244791666666666 0.6838888888888889 0.015277777777777777 0.025833333333333333
0 0.9383680555555556 0.6541666666666667 0.02309027777777778 0.024444444444444446
0 0.9432291666666667 0.6816666666666666 0.01857638888888889 0.03111111111111111
0 0.9635416666666666 0.6541666666666667 0.034895833333333334 0.03833333333333333
0 0.9666666666666667 0.6877777777777778 0.03194444444444444 0.03805555555555556
0 0.875 0.7194444444444444 0.010416666666666666 0.01611111111111111
0 0.8885416666666667 0.7344444444444445 0.013888888888888888 0.0125
0 0.8918402777777777 0.7177777777777777 0.007118055555555555 0.008611111111111111
0 0.9034722222222222 0.7258333333333333 0.005902777777777778 0.011666666666666667
0 0.9145833333333333 0.7341666666666666 0.013541666666666667 0.011111111111111112
0 0.9048611111111111 0.7458333333333333 0.017013888888888887 0.01138888888888889
0 0.9149305555555556 0.7588888888888888 0.017708333333333333 0.008888888888888889
0 0.9118055555555555 0.7702777777777777 0.014409722222222223 0.013055555555555556
0 0.9321180555555556 0.7730555555555556 0.0203125 0.0075
0 0.9241319444444445 0.7469444444444444 0.019791666666666666 0.0077777777777777776
0 0.9381944444444444 0.7613888888888889 0.0203125 0.005
0 0.9559027777777778 0.77 0.021354166666666667 0.0075
0 0.9626736111111112 0.7827777777777778 0.0203125 0.008333333333333333
0 0.9385416666666667 0.785 0.016319444444444445 0.011666666666666667
0 0.9130208333333333 0.7158333333333333 0.009895833333333333 0.006944444444444444
0 0.9203125 0.7255555555555555 0.01545138888888889 0.008333333333333333
0 0.9401041666666666 0.735 0.010069444444444445 0.011111111111111112
0 0.9534722222222223 0.745 0.01423611111111111 0.010277777777777778
0 0.9633680555555556 0.7586111111111111 0.019618055555555555 0.010833333333333334
0 0.9803819444444445 0.77 0.017013888888888887 0.009722222222222222
0 0.9885416666666667 0.7819444444444444 0.010763888888888889 0.0077777777777777776
0 0.9282986111111111 0.7180555555555556 0.014409722222222223 0.009166666666666667
0 0.9453125 0.7252777777777778 0.00920138888888889 0.009722222222222222
0 0.9583333333333334 0.7361111111111112 0.01875 0.008055555555555555
0 0.9734375 0.7494444444444445 0.019444444444444445 0.005277777777777778
0 0.9786458333333333 0.7336111111111111 0.016840277777777777 0.01361111111111111
0 0.025868055555555554 0.1775 0.04357638888888889 0.0225
0 0.07899305555555555 0.17722222222222223 0.041840277777777775 0.023055555555555555
0 0.22743055555555555 0.18 0.04079861111111111 0.020555555555555556
0 0.3026041666666667 0.1802777777777778 0.040625 0.020555555555555556
0 0.40399305555555554 0.17416666666666666 0.04097222222222222 0.02
0 0.44913194444444443 0.17527777777777778 0.04375 0.02277777777777778
0 0.5248263888888889 0.17666666666666667 0.04131944444444444 0.020833333333333332
0 0.5991319444444444 0.1811111111111111 0.042534722222222224 0.017222222222222222
0 0.7118055555555556 0.1763888888888889 0.04479166666666667 0.023055555555555555
0 0.7852430555555555 0.17972222222222223 0.0421875 0.021111111111111112
0 0.9609375 0.17583333333333334 0.021701388888888888 0.025833333333333333
0 0.9432291666666667 0.41638888888888886 0.03142361111111111 0.049166666666666664
0 0.8795138888888889 0.19333333333333333 0.035243055555555555 0.04722222222222222
0 0.8595486111111111 0.4166666666666667 0.04045138888888889 0.05611111111111111
0 0.7730902777777777 0.4038888888888889 0.042708333333333334 0.024166666666666666
0 0.6796875 0.4063888888888889 0.04114583333333333 0.02361111111111111
0 0.5873263888888889 0.4083333333333333 0.0421875 0.019166666666666665
0 0.5279513888888889 0.4125 0.04010416666666667 0.016666666666666666
0 0.4423611111111111 0.4075 0.04739583333333333 0.023333333333333334
0 0.28923611111111114 0.40944444444444444 0.0421875 0.01888888888888889
0 0.2152777777777778 0.41 0.042881944444444445 0.020277777777777777
0 0.09027777777777778 0.4125 0.041840277777777775 0.017222222222222222
0 0.029861111111111113 0.41555555555555557 0.035416666666666666 0.01972222222222222
0 0.0020833333333333333 0.40805555555555556 0.010243055555555556 0.02361111111111111
0 0.001388888888888889 0.6269444444444444 0.01597222222222222 0.025833333333333333
0 0.03732638888888889 0.6322222222222222 0.042534722222222224 0.016944444444444446
0 0.09861111111111111 0.6305555555555555 0.043229166666666666 0.020277777777777777
0 0.2298611111111111 0.6308333333333334 0.042881944444444445 0.018333333333333333
0 0.3159722222222222 0.63 0.041666666666666664 0.020833333333333332
0 0.3914930555555556 0.6238888888888889 0.0421875 0.020277777777777777
0 0.45 0.6261111111111111 0.042708333333333334 0.022222222222222223
0 0.5253472222222222 0.6261111111111111 0.04131944444444444 0.020833333333333332
0 0.5857638888888889 0.6297222222222222 0.04097222222222222 0.019444444444444445
0 0.6857638888888888 0.6222222222222222 0.04114583333333333 0.023055555555555555
0 0.7611111111111111 0.6286111111111111 0.042534722222222224 0.019166666666666665
0 0.8296875 0.6286111111111111 0.044097222222222225 0.020277777777777777
0 0.9076388888888889 0.6272222222222222 0.041840277777777775 0.021666666666666667
0 0.9776041666666667 0.6322222222222222 0.021354166666666667 0.016944444444444446
0 0.7380208333333333 0.6519444444444444 0.0421875 0.04055555555555555
0 0.7163194444444444 0.6680555555555555 0.06267361111111111 0.058888888888888886
