0 0.8780894196056651 0.8948064836255375 0.08442099416828659 0.10387032748924908
0 0.7839489030824771 0.9672510750909692 0.08164398778117189 0.03241812768772742
0 0.7858928075534574 0.8974528613959643 0.0896973063038045 0.06715183592457824
0 0.798667036934185 0.7277538868673503 0.06109414051652319 0.08468408865365532
0 0.8442099416828659 0.8183923255044657 0.029436267703415717 0.026463777704267284
0 0.7547903360177728 0.7151835924578234 0.041932796445431825 0.07409857757194839
0 0.7234101638433769 0.7161759841217333 0.026659261316301027 0.0757525636784651
0 0.7642321577339628 0.8160767449553423 0.05998333796167731 0.04697320542507443
0 0.7350735906692586 0.7972213033410519 0.024437656206609277 0.05623552762156798
0 0.6653707303526798 0.956334766787959 0.08803110247153569 0.04300363876943434
0 0.6378783671202444 0.9120079391333112 0.08553179672313246 0.04300363876943434
0 0.6284365454040545 0.8157459477340391 0.08886420438767009 0.09460800529275554
0 0.5767842266037212 0.9675818723122726 0.08025548458761456 0.03175653324512074
0 0.5287420161066371 0.9579887528944757 0.04609830602610386 0.041680449884220976
0 0.5748403221327409 0.9103539530267946 0.053596223271313526 0.05425074429374793
0 0.5184670924743127 0.8941448891829309 0.040821993890585946 0.05590473040026464
0 0.5434601499583449 0.8230234866027125 0.06331574562621493 0.06715183592457824
0 0.6109414051652319 0.8471716837578565 0.01416273257428492 0.04300363876943434
0 0.5104137739516801 0.8465100893152497 0.021660649819494584 0.033741316572940785
0 0.6178839211330186 0.7611644062189877 0.06831435712302138 0.05127356930201786
0 0.5959455706748126 0.699305325835263 0.062482643710080533 0.057889513728084686
0 0.5434601499583449 0.724445914654317 0.04915301305193002 0.0724445914654317
0 0.502082754790336 0.7605028117763811 0.030547070258261595 0.06880582203109493
0 0.49930574840322134 0.7211379424412835 0.04137739516800889 0.03638769434336751
0 0.5531796723132463 0.800198478332782 0.05498472646487087 0.018193847171683757
0 0.3946126076089975 0.7085676480317565 0.05137461816162177 0.0443268276546477
0 0.3971119133574007 0.759510420112471 0.0780338794779228 0.06384386371154482
0 0.32157733962788115 0.7423089646046973 0.0583171341294085 0.03572609990076083
0 0.26214940294362676 0.7356930201786305 0.05165231880033324 0.03440291101554747
0 0.2521521799500139 0.7796890506119749 0.06664815329075256 0.0628514720476348
0 0.2907525687309081 0.8346013893483295 0.07720077756178839 0.07442937479325173
0 0.3318522632602055 0.7826662256037049 0.05748403221327409 0.04895798875289448
0 0.39683421271868924 0.8286470393648694 0.05998333796167731 0.04201124710552431
0 0.3524021105248542 0.8785974197816738 0.0969175229103027 0.09196162752232881
0 0.2521521799500139 0.8481640754217664 0.03360177728408775 0.08336089976844195
0 0.2546514856984171 0.9371485279523653 0.07747847820049986 0.061197485941118096
0 0.35656762010552623 0.9804829639431029 0.06581505137461816 0.01918623883559378
0 0.430435990002777 0.9639431028779358 0.06498194945848375 0.03407211379424413
0 0.20438767009164122 0.9725438306318227 0.02360455429047487 0.02547138604035726
0 0.1713412940849764 0.9540191862388356 0.029991668980838656 0.04399603043334436
0 0.45181893918356014 0.8881905391994708 0.03915579005831713 0.06946741647370162
0 0.19938905859483477 0.9067151835924578 0.029436267703415717 0.04134965266291763
0 0.11441266314912524 0.9067151835924578 0.022216051096917523 0.02183261660602051
0 0.08775340183282422 0.9242474363215349 0.024437656206609277 0.023817399933840556
0 0.20466537073035268 0.2636453853787628 0.04026659261316301 0.05954349983460139
0 0.14051652318800334 0.2805160436652332 0.05526242710358234 0.04895798875289448
0 0.0502638156067759 0.26463777704267283 0.07581227436823104 0.05755871650678134
0 0.16634268258816995 0.3347667879589811 0.07414607053596223 0.06384386371154482
0 0.08858650374895863 0.3337743962950711 0.07497917245209663 0.06483625537545484
0 0.020827547903360177 0.3112801852464439 0.05970563732296584 0.07343698312934172
0 0.16106637045265204 0.39960304333443597 0.07664537628436545 0.06814422758848826
0 0.0824770896973063 0.4052265960965928 0.07220216606498195 0.05524313595765796
0 0.01444043321299639 0.3900099239166391 0.06359344626492641 0.0724445914654317
0 0.16911968897528465 0.4740324181276877 0.07136906414884754 0.05755871650678134
0 0.0744237711746737 0.46774727092292423 0.07414607053596223 0.08104531921931855
0 0.004443210219383505 0.46873966258683425 0.06442654818106082 0.07476017201455508
0 0.13968342127186892 0.5401918623883559 0.07664537628436545 0.08203771088322859
0 0.05637322965842821 0.5550777373470063 0.07692307692307693 0.06715183592457824
0 0.0011108025548458762 0.5487925901422428 0.05526242710358234 0.052265960965927886
0 0.14745903915579006 0.627522328812438 0.0708136628714246 0.052265960965927886
0 0.0744237711746737 0.629507112140258 0.06692585392946404 0.045980813761164405
0 0.0019439044709802832 0.6189216010585511 0.06525965009719523 0.05656632484287132
0 0.2582615940016662 0.2924247436321535 0.06970286031657873 0.05524313595765796
0 0.3335184670924743 0.2911015547469401 0.08469869480699806 0.05755871650678134
0 0.42627048042210497 0.301687065828647 0.0735906692585393 0.04697320542507443
0 0.39600111080255485 0.2676149520344029 0.06886975840044432 0.020178630499503806
0 0.33074146070535965 0.26463777704267283 0.058039433490697026 0.020178630499503806
0 0.47459039155790056 0.2676149520344029 0.05998333796167731 0.022494211048627193
0 0.5104137739516801 0.2805160436652332 0.058039433490697026 0.05425074429374793
0 0.5765065259650097 0.2815084353291432 0.07497917245209663 0.04465762487595104
0 0.6534296028880866 0.28680119086999667 0.06692585392946404 0.041680449884220976
0 0.6131630102749236 0.3304664240820377 0.06692585392946404 0.06516705259675819
0 0.5531796723132463 0.33575917962289115 0.047486809219661204 0.05855110817069137
0 0.4782004998611497 0.343367515712868 0.06970286031657873 0.06814422758848826
0 0.40044432102193833 0.3539530267945749 0.06692585392946404 0.053258352629837906
0 0.3443487920022216 0.3529606351306649 0.05165231880033324 0.05954349983460139
0 0.26298250485976116 0.35494541845848493 0.07581227436823104 0.06086668871981475
0 0.6675923354623715 0.3847171683757856 0.06970286031657873 0.06384386371154482
0 0.5845598444876423 0.4039034072113794 0.08497639544570952 0.05524313595765796
0 0.5131907803387947 0.40092623221964935 0.06498194945848375 0.06582864703936486
0 0.4309913912801999 0.4125041349652663 0.08108858650374896 0.06384386371154482
0 0.37100805331852266 0.40820377108832284 0.058039433490697026 0.06086668871981475
0 0.3065815051374618 0.41779689050611973 0.06442654818106082 0.0628514720476348
0 0.2513190780338795 0.4349983460138935 0.05526242710358234 0.05425074429374793
0 0.680921966120522 0.44856103208733045 0.07775617883921133 0.06483625537545484
0 0.6148292141071925 0.48164075421766456 0.06442654818106082 0.05127356930201786
0 0.5515134684809775 0.4634469070459808 0.06886975840044432 0.062189877605028115
0 0.4782004998611497 0.47105524313595765 0.06692585392946404 0.07442937479325173
0 0.4040544293251874 0.49123387363546145 0.06886975840044432 0.05425074429374793
0 0.3254651485698417 0.4786635792259345 0.07581227436823104 0.06483625537545484
0 0.26214940294362676 0.4965266291763149 0.06053873923910025 0.06086668871981475
0 0.682032768675368 0.516043665233212 0.08830880311024715 0.07343698312934172
0 0.605109691752291 0.5372146873966259 0.07247986670369341 0.06913661925239828
0 0.5181893918356012 0.5358914985114125 0.0833101916134407 0.0684750248097916
0 0.44904193279644544 0.5501157790274561 0.06525965009719523 0.06318226926893813
0 0.3785059705637323 0.5501157790274561 0.0672035545681755 0.062189877605028115
0 0.3101916134407109 0.5514389679126696 0.06303804498750347 0.06979821369500497
0 0.2349347403499028 0.5530929540191862 0.07053596223271313 0.05921270261329805
0 0.6900860871980006 0.5931194177968905 0.08775340183282422 0.08567648031756533
0 0.6162177173007498 0.6060205094277208 0.07053596223271313 0.07674495534237512
0 0.5442932518744793 0.6083360899768442 0.07053596223271313 0.07277538868673503
0 0.4826437100805332 0.6093284816407543 0.0583171341294085 0.07409857757194839
0 0.4021105248542072 0.6189216010585511 0.07914468203276867 0.07343698312934172
0 0.33212996389891697 0.6156136288455177 0.06859205776173286 0.062189877605028115
0 0.2341016384337684 0.6172676149520344 0.08997500694251596 0.06483625537545484
0 0.8547625659539017 0.26893814091961626 0.07192446542627048 0.026463777704267284
0 0.7903360177728409 0.26893814091961626 0.06609275201332963 0.023817399933840556
0 0.7275756734240488 0.2676149520344029 0.05998333796167731 0.05292755540853457
0 0.946126076089975 0.2828316242143566 0.05165231880033324 0.06086668871981475
0 0.9533462926964732 0.34766787958981143 0.04609830602610386 0.04631161098246775
0 0.9700083310191614 0.39728746278531263 0.02832546514856984 0.07079060535891499
0 0.9877811718966953 0.47204763479986767 0.010552624271035824 0.07112140258021833
0 0.8664259927797834 0.28084684088653655 0.0735906692585393 0.05954349983460139
0 0.7908914190502638 0.2993714852795237 0.05498472646487087 0.05425074429374793
0 0.7370174951402388 0.327820046311611 0.061649541793946126 0.06086668871981475
0 0.8569841710635935 0.342375124048958 0.08580949736184393 0.055573933178961296
0 0.8125520688697584 0.35560701290109165 0.05054151624548736 0.07145219980152166
0 0.7470147181338517 0.3900099239166391 0.06609275201332963 0.07145219980152166
0 0.8905859483476812 0.400595434998346 0.07553457372951958 0.061528283162421434
0 0.83365731741183 0.43565994045650014 0.0547070258261594 0.08038372477671188
0 0.7620105526242711 0.45881574594773405 0.07331296861982782 0.07112140258021833
0 0.8822549291863371 0.4641085014885875 0.09552901971674535 0.07045980813761164
0 0.9016939738961399 0.5358914985114125 0.08719800055540128 0.06020509427720807
0 0.8331019161344071 0.5226596096592788 0.06970286031657873 0.07211379424412835
0 0.7658983615662316 0.5312603374131657 0.06387114690363788 0.0668210387032749
0 0.9511246875867815 0.5967581872312273 0.04609830602610386 0.07972213033410519
0 0.8700361010830325 0.601389348329474 0.07581227436823104 0.06946741647370162
0 0.789780616495418 0.6000661594442607 0.07608997500694252 0.0774065497849818
0 0.1524576506525965 0.11180946080052928 0.07053596223271313 0.03473370823685081
0 0.12829769508469868 0.08170691366192524 0.031380172174396 0.03473370823685081
0 0.027770063871146902 0.09659278862057559 0.09552901971674535 0.05524313595765796
0 0.0 0.12305656632484287 0.024993057484032213 0.04002646377770427
0 0.16356567620105525 0.0813761164406219 0.03443487920022216 0.030102547138604035
0 0.20077756178839212 0.09163083030102546 0.02249375173562899 0.02811776381078399
0 0.20077756178839212 0.058220310949388024 0.026936961955012495 0.030102547138604035
0 0.16606498194945848 0.022825008269930534 0.06109414051652319 0.05094277208071452
0 0.15412385448486532 0.011577902745616937 0.053318522632602054 0.039364869335097585
0 0.20966398222715912 0.0009923916639100231 0.02249375173562899 0.020509427720807147
0 0.13079700083310192 0.017863049950380416 0.03748958622604832 0.02117102216341383
0 0.12940849763954457 0.04631161098246775 0.03471257983893363 0.030764141581210717
0 0.09913912801999444 0.06252067482633146 0.03304637600666482 0.023817399933840556
0 0.0744237711746737 0.07112140258021833 0.04165509580672035 0.02811776381078399
0 0.04137739516800889 0.06913661925239828 0.030824770896973063 0.045980813761164405
0 0.006664815329075257 0.0443268276546477 0.04470980283254652 0.0668210387032749
0 0.0036101083032490976 0.03440291101554747 0.021382949180783116 0.03738008600727754
0 0.018328242154956955 0.01223949718822362 0.0583171341294085 0.04399603043334436
0 0.0788669813940572 0.02877935825339067 0.049986114968064425 0.02547138604035726
0 0.33935018050541516 0.0006615944426066821 0.11274645931685642 0.053919947072444595
0 0.3040821993890586 0.032087330466424084 0.12607608997500694 0.0443268276546477
0 0.2521521799500139 0.0 0.08081088586503749 0.03440291101554747
0 0.2474312690919189 0.02117102216341383 0.07553457372951958 0.053258352629837906
0 0.2474312690919189 0.04465762487595104 0.048875312413218554 0.08468408865365532
0 0.2971396834212719 0.07972213033410519 0.044432102193835046 0.037049288785974195
0 0.2985281866148292 0.11412504134965266 0.03776728686475979 0.052265960965927886
0 0.2324354346014996 0.11710221634138274 0.05137461816162177 0.05954349983460139
0 0.3212996389891697 0.0684750248097916 0.07053596223271313 0.09493880251405888
0 0.452929741738406 0.03241812768772742 0.029991668980838656 0.05425074429374793
0 0.3757289641766176 0.061197485941118096 0.10247153568453207 0.03804168044988422
0 0.43432379894473755 0.08402249421104863 0.08775340183282422 0.04763479986768111
0 0.3454595945570675 0.1184254052265961 0.08775340183282422 0.058881905391994706
0 0.45598444876423216 0.14257360238174 0.024159955567897805 0.03903407211379424
0 0.532907525687309 0.0 0.4662593723965565 0.1869004300363877
0 0.0011108025548458762 0.19847833278200464 0.07858928075534574 0.054912338736354614
0 0.233268536517634 0.21567978828977838 0.08219938905859484 0.03771088322858088
0 0.5217995001388503 0.21468739662586833 0.08747570119411274 0.03771088322858088
0 0.012496528742016106 0.698312934171353 0.07747847820049986 0.02811776381078399
0 0.31435712302138297 0.696328150843533 0.07858928075534574 0.0387032748924909
0 0.8361566231602333 0.6953357591796229 0.0833101916134407 0.025802183261660602
0 0.02582615940016662 0.9586503473370823 0.09302971396834213 0.04035726099900761
