0 0.25271670457417234 0.32985175202156336 0.026282537275713926 0.018867924528301886
0 0.3014910285569876 0.33153638814016173 0.026535253980288095 0.017857142857142856
0 0.40055597675006316 0.3305256064690027 0.04195097295931261 0.021900269541778976
0 0.6009603234773818 0.3288409703504043 0.029567854435178165 0.02223719676549865
0 0.7063431892848118 0.33119946091644203 0.02577710386656558 0.01853099730458221
0 0.8736416477129139 0.3318733153638814 0.02476623704826889 0.01853099730458221
0 0.25701288855193327 0.5259433962264151 0.026535253980288095 0.018867924528301886
0 0.4518574677786202 0.5232479784366577 0.04043467273186758 0.01954177897574124
0 0.6037402072276977 0.5245956873315364 0.02577710386656558 0.017857142857142856
0 0.746272428607531 0.5252695417789758 0.028051554207733132 0.019204851752021565
0 0.3889310083396513 0.7223719676549866 0.04220368966388678 0.017857142857142856
0 0.5994440232499368 0.7179919137466307 0.02552438716199141 0.02021563342318059
0 0.06545362648471063 0.9629380053908356 0.034622188526661615 0.025943396226415096
0 0.22517058377558757 0.9615902964959568 0.035127621935809955 0.025943396226415096
0 0.4116755117513268 0.9642857142857143 0.02982057113975234 0.02324797843665768
0 0.5178165276724791 0.9632749326145552 0.030326004548900682 0.022911051212938006
0 0.5913570887035633 0.9588948787061995 0.04953247409653778 0.02628032345013477
0 0.7973212029315138 0.9622641509433962 0.033105888299216575 0.022911051212938006
0 0.9378316906747536 0.9629380053908356 0.037149355572403335 0.0215633423180593
0 0.011877685114986101 0.863544474393531 0.08466009603234774 0.10006738544474393
0 0.09754864796563052 0.8507412398921833 0.07707859489512257 0.11152291105121294
0 0.02350265352539803 0.7783018867924528 0.07429871114480667 0.08861185983827494
0 0.04195097295931261 0.7109164420485176 0.05686125852918878 0.06671159029649595
0 0.09906494819307556 0.7206873315363881 0.07177154409906494 0.10175202156334232
0 0.17159464240586303 0.7280997304582211 0.06873894364417488 0.0963611859838275
0 0.1655294414960829 0.8163746630727763 0.038918372504422545 0.05727762803234501
0 0.17412180945160474 0.875 0.027293404094010616 0.06671159029649595
0 0.10032853171594643 0.8234501347708895 0.0639373262572656 0.028975741239892182
0 0.06343189284811726 0.6586927223719676 0.056608541824614604 0.052223719676549867
0 0.06570634318928481 0.6111859838274932 0.05458680818802123 0.05357142857142857
0 0.0785948951225676 0.566711590296496 0.04902704068738944 0.04043126684636118
0 0.12383118524134445 0.5717654986522911 0.03361132170836492 0.079177897574124
0 0.12307303512762194 0.6546495956873315 0.037149355572403335 0.05525606469002695
0 0.15567349001769018 0.5653638814016172 0.06419004296183978 0.06334231805929919
0 0.16300227445034116 0.6381401617250674 0.05736669193833712 0.07648247978436658
0 0.22264341672984583 0.5771563342318059 0.0722769775082133 0.14420485175202155
0 0.2850644427596664 0.5754716981132075 0.04599444023249937 0.19171159029649595
0 0.33308061662875915 0.5785040431266847 0.05256507455142785 0.15902964959568733
0 0.24134445286833459 0.7658355795148248 0.026535253980288095 0.04245283018867924
0 0.28582259287338896 0.7732479784366577 0.04043467273186758 0.054245283018867926
0 0.33206974981046244 0.7809973045822103 0.043467273186757645 0.06199460916442048
0 0.24462977002779884 0.8130053908355795 0.053828658074298714 0.0444743935309973
0 0.30932524639878695 0.8288409703504043 0.027040687389436442 0.04481132075471698
0 0.3290371493555724 0.8473719676549866 0.039423805913570885 0.06772237196765499
0 0.3383876674248168 0.9147574123989218 0.02880970432145565 0.03537735849056604
0 0.2989638615112459 0.9002695417789758 0.03613848875410665 0.04919137466307277
0 0.27849380844073796 0.8564690026954178 0.0338640384129391 0.05997304582210242
0 0.2304776345716452 0.8568059299191375 0.04877432398281526 0.06132075471698113
0 0.2590346221885267 0.9046495956873315 0.039171089208996715 0.043463611859838276
0 0.21607278241091737 0.9029649595687331 0.038918372504422545 0.04514824797843666
0 0.33990396765226183 0.751010781671159 0.04220368966388678 0.027964959568733155
0 0.3737680060652009 0.7722371967654986 0.02982057113975234 0.04649595687331536
0 0.4035885772049532 0.7762803234501348 0.025271670457417236 0.034029649595687335
0 0.4399797826636341 0.75 0.02122820318423048 0.03975741239892183
0 0.4306292645943897 0.784366576819407 0.021986353297952996 0.027964959568733155
0 0.45438463482436187 0.7921159029649596 0.02047005307050796 0.02830188679245283
0 0.46171341925701287 0.7735849056603774 0.019964619661359616 0.02425876010781671
0 0.4844579226686884 0.7607816711590296 0.019964619661359616 0.027628032345013476
0 0.5046752590346222 0.7567385444743935 0.02122820318423048 0.0272911051212938
0 0.5276724791508719 0.7641509433962265 0.017437452615617893 0.02324797843665768
0 0.4998736416477129 0.7284366576819407 0.017942886024766236 0.028638814016172506
0 0.5405610310841547 0.7877358490566038 0.019711902956785442 0.02425876010781671
0 0.5157947940358858 0.7863881401617251 0.01819560272934041 0.02257412398921833
0 0.5008845084660096 0.7840296495956873 0.014152135456153651 0.02425876010781671
0 0.482436189032095 0.7931266846361186 0.017437452615617893 0.022911051212938006
0 0.5221127116502401 0.8116576819407008 0.017942886024766236 0.02628032345013477
0 0.5066969926712156 0.8106469002695418 0.014404852160727824 0.027628032345013476
0 0.4900176901693202 0.8173854447439353 0.01617386909274703 0.02122641509433962
0 0.47081122062168307 0.8109838274932615 0.017690169320192066 0.024932614555256066
0 0.43846348243618904 0.8194070080862533 0.02148091988880465 0.02425876010781671
0 0.41521354561536516 0.8116576819407008 0.0192064695476371 0.02628032345013477
0 0.3901945918625221 0.8103099730458221 0.023249936820823856 0.027628032345013476
0 0.38514025777103866 0.8409703504043127 0.01819560272934041 0.03369272237196765
0 0.40763204447814 0.8399595687331537 0.018953752843062926 0.03335579514824798
0 0.4286075309577963 0.8493935309973046 0.02577710386656558 0.023921832884097036
0 0.4561536517563811 0.8342318059299192 0.02249178670710134 0.03504043126684636
0 0.4993682082385646 0.8392857142857143 0.017437452615617893 0.02055256064690027
0 0.5180692443770534 0.8399595687331537 0.020722769775082132 0.02223719676549865
0 0.3866565579984837 0.876010781671159 0.018448319433914583 0.024932614555256066
0 0.40561031084154664 0.8773584905660378 0.01592115238817286 0.025943396226415096
0 0.4235531968663129 0.8773584905660378 0.020722769775082132 0.029649595687331536
0 0.4460449835734142 0.8763477088948787 0.02451352034369472 0.028638814016172506
0 0.4710639373262573 0.8746630727762803 0.019964619661359616 0.01752021563342318
0 0.4925448572150619 0.8659029649595688 0.015163002274450341 0.02526954177897574
0 0.5097295931261057 0.8662398921832885 0.01693201920646955 0.024595687331536387
0 0.5279251958554461 0.8652291105121294 0.01617386909274703 0.018867924528301886
0 0.5241344452868335 0.8857816711590296 0.021733636593378822 0.02324797843665768
0 0.5069497093757898 0.8935309973045822 0.01819560272934041 0.02257412398921833
0 0.526408895628001 0.9120619946091644 0.019711902956785442 0.022911051212938006
0 0.4907758402830427 0.8969002695417789 0.01491028556987617 0.02122641509433962
0 0.4723275208491281 0.8955525606469003 0.01693201920646955 0.018194070080862535
0 0.4993682082385646 0.9211590296495957 0.026535253980288095 0.02223719676549865
0 0.47864543846348245 0.9164420485175202 0.018448319433914583 0.027628032345013476
0 0.46171341925701287 0.9147574123989218 0.015668435683598686 0.03234501347708895
0 0.43568359868587314 0.9097035040431267 0.02476623704826889 0.024932614555256066
0 0.38741470811220624 0.9016172506738545 0.019711902956785442 0.038746630727762806
0 0.4081374778872883 0.909366576819407 0.02552438716199141 0.0330188679245283
0 0.7144301238311852 0.7597708894878706 0.027546120798584785 0.07446091644204851
0 0.6871367197371746 0.7550539083557951 0.029062421026029822 0.0660377358490566
0 0.6623704826889057 0.7429245283018868 0.0310841546626232 0.0761455525606469
0 0.6383623957543594 0.741576819407008 0.04043467273186758 0.05323450134770889
0 0.6178923426838514 0.7392183288409704 0.03083143795804903 0.05997304582210242
0 0.5933788223401567 0.7388814016172507 0.039423805913570885 0.06704851752021564
0 0.5660854182461461 0.738544474393531 0.024260803639120546 0.0431266846361186
0 0.5443517816527672 0.7466307277628033 0.02779883750315896 0.04683288409703504
0 0.5633055344958302 0.785377358490566 0.02148091988880465 0.03571428571428571
0 0.5873136214303766 0.7789757412398922 0.03007328784432651 0.04716981132075472
0 0.620166793025019 0.8076145552560647 0.014152135456153651 0.012129380053908356
0 0.5585039171089209 0.8221024258760108 0.020975486479656306 0.05087601078167116
0 0.5809957038160223 0.8204177897574124 0.02249178670710134 0.04110512129380054
0 0.6065200909780136 0.8305256064690026 0.021986353297952996 0.027628032345013476
0 0.6317917614354309 0.8190700808625337 0.028556987616881475 0.05121293800539083
0 0.6563052817791256 0.8032345013477089 0.026029820571139752 0.05121293800539083
0 0.6843568359868587 0.8194070080862533 0.017942886024766236 0.03436657681940701
0 0.7048268890573667 0.8251347708894878 0.02880970432145565 0.05289757412398922
0 0.7083649229214051 0.8820754716981132 0.021986353297952996 0.0373989218328841
0 0.6889057366691939 0.8584905660377359 0.017690169320192066 0.03369272237196765
0 0.6646449330300733 0.8557951482479784 0.022744503411675512 0.0272911051212938
0 0.6472074804144554 0.8712938005390836 0.015163002274450341 0.017857142857142856
0 0.6103108415466262 0.8615229110512129 0.035127621935809955 0.039420485175202157
0 0.5903462218852666 0.8655660377358491 0.01693201920646955 0.04009433962264151
0 0.5726560525650746 0.8699460916442049 0.015668435683598686 0.024595687331536387
0 0.5610310841546626 0.8820754716981132 0.015415718979024514 0.024932614555256066
0 0.6110689916603488 0.8904986522911051 0.02678797068486227 0.02358490566037736
0 0.6439221632549912 0.8921832884097035 0.01718473591104372 0.025943396226415096
0 0.6633813495072024 0.8867924528301887 0.02122820318423048 0.03133423180592992
0 0.6985089714430124 0.9184636118598383 0.02779883750315896 0.017183288409703505
0 0.6765226181450594 0.9154312668463612 0.02350265352539803 0.027628032345013476
0 0.6515036643922163 0.9174528301886793 0.022239070002527166 0.02526954177897574
0 0.6277482941622441 0.9144204851752021 0.022744503411675512 0.025943396226415096
0 0.6024766237048269 0.9076819407008087 0.023755370229972202 0.02931266846361186
0 0.5809957038160223 0.9043126684636119 0.0192064695476371 0.042789757412398925
0 0.563052817791256 0.9080188679245284 0.017942886024766236 0.027964959568733155
0 0.8127369219105383 0.7196765498652291 0.08162749557745767 0.07378706199460916
0 0.7371746272428608 0.727088948787062 0.08188021228203184 0.10074123989218328
0 0.8188021228203184 0.7570754716981132 0.08390194591862522 0.06401617250673855
0 0.8175385392974476 0.7772911051212938 0.07025524387161991 0.05390835579514825
0 0.8208238564569118 0.8119946091644205 0.07530957796310336 0.03605121293800539
0 0.7356583270154157 0.7769541778975741 0.0722769775082133 0.07681940700808626
0 0.8180439727065959 0.8322102425876011 0.06722264341672984 0.034029649595687335
0 0.8314379580490271 0.8574797843665768 0.04245640636846096 0.03032345013477089
0 0.8157695223654283 0.8756738544474394 0.07025524387161991 0.03099730458221024
0 0.8190548395248926 0.9033018867924528 0.056608541824614604 0.03099730458221024
0 0.7528430629264594 0.8564690026954178 0.06924437705332323 0.02931266846361186
0 0.7503158958807177 0.831199460916442 0.05458680818802123 0.03638814016172507
0 0.747788728834976 0.8918463611859838 0.07151882739449078 0.04380053908355795
0 0.9171089208996714 0.7611185983827493 0.06646449330300733 0.06401617250673855
0 0.9246904220368967 0.7395552560646901 0.04270912307303513 0.019204851752021565
0 0.9428860247662371 0.8376010781671159 0.05711397523376295 0.03133423180592992
0 0.9299974728329543 0.8709568733153639 0.06899166034874905 0.0862533692722372
0 0.8814758655547131 0.8884770889487871 0.05104877432398282 0.06300539083557952
0 0.8711144806671721 0.5818733153638814 0.08188021228203184 0.14824797843665768
0 0.9451604751074046 0.5754716981132075 0.05307050796057619 0.1566711590296496
0 0.8339651250947687 0.6755390835579514 0.028051554207733132 0.040768194070080865
0 0.8043972706595905 0.6782345013477089 0.028304270912307302 0.04043126684636118
0 0.7735658327015416 0.691711590296496 0.029315137730603992 0.028638814016172506
0 0.7422289613343442 0.680256064690027 0.029062421026029822 0.038746630727762806
0 0.709628506444276 0.6805929919137467 0.028051554207733132 0.04009433962264151
0 0.769775082132929 0.6512803234501348 0.028556987616881475 0.04009433962264151
0 0.7950467525903462 0.6408355795148248 0.023249936820823856 0.03706199460916442
0 0.8198129896386152 0.6371293800539084 0.02476623704826889 0.039420485175202157
0 0.7414708112206216 0.6435309973045822 0.024008086934546372 0.0330188679245283
0 0.7093757897397018 0.6415094339622641 0.02678797068486227 0.03571428571428571
0 0.7745766995198382 0.6209568733153639 0.020722769775082132 0.024932614555256066
0 0.7963103361132171 0.6101752021563343 0.019711902956785442 0.027964959568733155
0 0.8225928733889311 0.5997304582210242 0.027293404094010616 0.03504043126684636
0 0.7998483699772555 0.5721024258760108 0.02678797068486227 0.032008086253369275
0 0.7730603992923932 0.5798517520215634 0.02122820318423048 0.03032345013477089
0 0.7407126611068992 0.5902964959568733 0.03158958807177154 0.041442048517520216
0 0.7101339398534243 0.6017520215633423 0.027546120798584785 0.03436657681940701
0 0.7450088450846601 0.5616576819407008 0.02880970432145565 0.030660377358490566
0 0.7131665403083144 0.5613207547169812 0.02880970432145565 0.03369272237196765
0 0.6747536012130402 0.6893530997304582 0.019964619661359616 0.024595687331536387
0 0.6530199646196614 0.6907008086253369 0.018953752843062926 0.024932614555256066
0 0.6307808946171342 0.6886792452830188 0.018448319433914583 0.025943396226415096
0 0.6029820571139752 0.6890161725067385 0.02047005307050796 0.02257412398921833
0 0.5764468031336871 0.6842991913746631 0.021986353297952996 0.026954177897574125
0 0.5537022997220116 0.6849730458221024 0.019964619661359616 0.026954177897574125
0 0.6737427343947435 0.6583557951482479 0.02122820318423048 0.028638814016172506
0 0.640636846095527 0.6576819407008087 0.023249936820823856 0.03605121293800539
0 0.6130907252969421 0.6613881401617251 0.020975486479656306 0.028638814016172506
0 0.5933788223401567 0.6570080862533693 0.01693201920646955 0.025943396226415096
0 0.5731614859742229 0.6556603773584906 0.017437452615617893 0.02526954177897574
0 0.5501642658579732 0.6586927223719676 0.020722769775082132 0.022911051212938006
0 0.6757644680313368 0.6327493261455526 0.01617386909274703 0.021900269541778976
0 0.6487237806419004 0.6253369272237197 0.017690169320192066 0.0215633423180593
0 0.625979277230225 0.628032345013477 0.0192064695476371 0.03032345013477089
0 0.6057619408642911 0.6303908355795148 0.016426585797321203 0.025943396226415096
0 0.5878190548395249 0.6300539083557951 0.017437452615617893 0.024932614555256066
0 0.5549658832448825 0.6324123989218329 0.02047005307050796 0.027964959568733155
0 0.6681829668941117 0.6101752021563343 0.01617386909274703 0.018194070080862535
0 0.6403841293909528 0.60411051212938 0.015163002274450341 0.01853099730458221
0 0.6209249431387415 0.6000673854447439 0.017942886024766236 0.020889487870619946
0 0.5976750063179176 0.5997304582210242 0.020722769775082132 0.02628032345013477
0 0.5774576699519838 0.6078167115902965 0.017690169320192066 0.021900269541778976
0 0.5494061157442507 0.6034366576819407 0.019459186252211273 0.02257412398921833
0 0.5534495830174374 0.5761455525606469 0.022997220116249686 0.025943396226415096
0 0.5756886530199646 0.5822102425876011 0.016679302501895376 0.022911051212938006
0 0.6330553449583017 0.5798517520215634 0.0192064695476371 0.02257412398921833
0 0.6537781147333839 0.5869272237196765 0.014657568865301996 0.022911051212938006
0 0.6739954510993177 0.5879380053908356 0.019964619661359616 0.02628032345013477
0 0.5061915592620673 0.6691374663072777 0.03083143795804903 0.04615902964959569
0 0.47940358857720494 0.6839622641509434 0.025271670457417236 0.0330188679245283
0 0.4546373515289361 0.6886792452830188 0.02350265352539803 0.026954177897574125
0 0.4184988627748294 0.6731805929919138 0.03234773818549406 0.05087601078167116
0 0.387161991407632 0.6762129380053908 0.029315137730603992 0.04211590296495957
0 0.5082132928986606 0.633423180592992 0.028304270912307302 0.03335579514824798
0 0.47662370482688904 0.6384770889487871 0.03007328784432651 0.04110512129380054
0 0.44655041698256254 0.6499326145552561 0.028556987616881475 0.03571428571428571
0 0.41571897902451355 0.6314016172506739 0.029062421026029822 0.03908355795148248
0 0.38918372504422544 0.6307277628032345 0.025018953752843062 0.04211590296495957
0 0.5066969926712156 0.592654986522911 0.029567854435178165 0.03807277628032345
0 0.47359110437199897 0.5909703504043127 0.0310841546626232 0.043463611859838276
0 0.4422542330048016 0.6057951482479784 0.029315137730603992 0.040768194070080865
0 0.41824614607025523 0.5919811320754716 0.02552438716199141 0.03605121293800539
0 0.392974475612838 0.5977088948787062 0.023755370229972202 0.03032345013477089
0 0.5079605761940864 0.5592991913746631 0.027546120798584785 0.03133423180592992
0 0.4488248673237301 0.569743935309973 0.0338640384129391 0.038746630727762806
0 0.3957543593631539 0.5599730458221024 0.034874905231235785 0.03975741239892183
0 0.8476118271417741 0.3669137466307278 0.1518827394490776 0.1792452830188679
0 0.7030578721253475 0.4804582210242588 0.032853171594642405 0.03335579514824798
0 0.7374273439474349 0.48247978436657685 0.027040687389436442 0.03167115902964959
0 0.7659843315643164 0.47877358490566035 0.02880970432145565 0.03638814016172507
0 0.7955521859994946 0.4858490566037736 0.023755370229972202 0.028638814016172506
0 0.8208238564569118 0.4811320754716981 0.02021733636593379 0.03234501347708895
0 0.8172858225928734 0.4440700808625337 0.026029820571139752 0.034703504043126686
0 0.8238564569118019 0.409366576819407 0.022239070002527166 0.03099730458221024
0 0.7975739196360879 0.3719676549865229 0.0310841546626232 0.040768194070080865
0 0.7904978519080111 0.41509433962264153 0.029315137730603992 0.03032345013477089
0 0.7578973970179429 0.41509433962264153 0.023755370229972202 0.02931266846361186
0 0.7700277988375032 0.3753369272237197 0.02678797068486227 0.04649595687331536
0 0.7371746272428608 0.37567385444743934 0.030578721253474855 0.03840970350404313
0 0.7040687389436442 0.37634770889487873 0.03133687136719737 0.038746630727762806
0 0.7030578721253475 0.4164420485175202 0.022997220116249686 0.03099730458221024
0 0.7268132423553196 0.4134097035040431 0.03007328784432651 0.03335579514824798
0 0.7846853677028052 0.44002695417789756 0.030578721253474855 0.0444743935309973
0 0.7558756633813495 0.44305929919137466 0.02880970432145565 0.03807277628032345
0 0.7293404094010614 0.44609164420485176 0.029062421026029822 0.03975741239892183
0 0.7040687389436442 0.4474393530997305 0.02476623704826889 0.03167115902964959
0 0.6626231993934799 0.4754043126684636 0.02552438716199141 0.043463611859838276
0 0.640636846095527 0.47675202156334234 0.02779883750315896 0.03369272237196765
0 0.6580742987111448 0.4474393530997305 0.022997220116249686 0.025943396226415096
0 0.6600960323477382 0.43160377358490565 0.026535253980288095 0.02425876010781671
0 0.6479656305281779 0.3810646900269542 0.03639120545868082 0.02830188679245283
0 0.6469547637098813 0.40397574123989216 0.030326004548900682 0.026617250673854446
0 0.6376042456406369 0.4272237196765499 0.024260803639120546 0.03369272237196765
0 0.6254738438210766 0.45350404312668463 0.029315137730603992 0.02358490566037736
0 0.6125852918877938 0.41509433962264153 0.022997220116249686 0.026617250673854446
0 0.6272428607530958 0.3793800539083558 0.01819560272934041 0.02931266846361186
0 0.604245640636846 0.3810646900269542 0.02148091988880465 0.025943396226415096
0 0.6128380085923679 0.44305929919137466 0.016426585797321203 0.020889487870619946
0 0.6072782410917361 0.4747304582210243 0.017437452615617893 0.02425876010781671
0 0.6272428607530958 0.4915768194070081 0.018701036138488752 0.0272911051212938
0 0.610058124842052 0.5020215633423181 0.018701036138488752 0.016172506738544475
0 0.5936315390447309 0.49764150943396224 0.013646702047005308 0.0215633423180593
0 0.5782158200657064 0.5033692722371967 0.013393985342431134 0.015835579514824796
0 0.5572403335860501 0.49663072776280326 0.0192064695476371 0.022911051212938006
0 0.5425827647207481 0.5037061994609164 0.013141268637856963 0.015835579514824796
0 0.5398028809704322 0.47877358490566035 0.016679302501895376 0.022911051212938006
0 0.576194086429113 0.47877358490566035 0.01693201920646955 0.02324797843665768
0 0.5524387161991408 0.4615902964959569 0.022239070002527166 0.02830188679245283
0 0.5385392974475612 0.43766846361185985 0.020975486479656306 0.026954177897574125
0 0.5739196360879454 0.4501347708894879 0.016426585797321203 0.02324797843665768
0 0.5895880717715442 0.4639487870619946 0.01718473591104372 0.025943396226415096
0 0.6077836745008846 0.46327493261455527 0.011624968410411928 0.009097035040431268
0 0.5941369724538792 0.433288409703504 0.017690169320192066 0.025943396226415096
0 0.5984331564316401 0.4140835579514825 0.012383118524134444 0.015835579514824796
0 0.576194086429113 0.4272237196765499 0.01592115238817286 0.02055256064690027
0 0.561536517563811 0.4278975741239892 0.013141268637856963 0.019204851752021565
0 0.5423300480161739 0.4107142857142857 0.019964619661359616 0.02425876010781671
0 0.5428354814253222 0.3851078167115903 0.018448319433914583 0.02257412398921833
0 0.5620419509729593 0.4022911051212938 0.011877685114986101 0.016846361185983826
0 0.5729087692696487 0.41307277628032346 0.01389941875157948 0.011455525606469003
0 0.5885772049532474 0.3921832884097035 0.017690169320192066 0.02324797843665768
0 0.5789739701794289 0.37432614555256066 0.016679302501895376 0.02425876010781671
0 0.5711397523376295 0.38982479784366575 0.014152135456153651 0.02055256064690027
0 0.5016426585797321 0.4814690026954178 0.02678797068486227 0.02998652291105121
0 0.47586555471316655 0.47641509433962265 0.025018953752843062 0.03537735849056604
0 0.44655041698256254 0.4716981132075472 0.027546120798584785 0.03975741239892183
0 0.4200151630022744 0.4740566037735849 0.025271670457417236 0.03773584905660377
0 0.38918372504422544 0.4693396226415094 0.03158958807177154 0.04245283018867924
0 0.48951225676017185 0.4413746630727763 0.034874905231235785 0.040768194070080865
0 0.45665908516552944 0.4309299191374663 0.03234773818549406 0.04009433962264151
0 0.42709123073035127 0.42014824797843664 0.028304270912307302 0.0488544474393531
0 0.4983573414202679 0.41037735849056606 0.030578721253474855 0.03369272237196765
0 0.49406115744250695 0.37163072776280326 0.03158958807177154 0.04009433962264151
0 0.4698003538033864 0.3935309973045822 0.02678797068486227 0.0431266846361186
0 0.43568359868587314 0.3807277628032345 0.03234773818549406 0.045485175202156336
0 0.3904473085670963 0.4299191374663073 0.037402072276977505 0.038746630727762806
0 0.3934799090219864 0.41543126684636117 0.030326004548900682 0.012803234501347708
0 0.22618145059388425 0.4380053908355795 0.05130149102855699 0.08355795148247978
0 0.27975739196360877 0.4380053908355795 0.04725802375537023 0.08221024258760108
0 0.3280262825372757 0.4386792452830189 0.04953247409653778 0.08018867924528301
0 0.327015415718979 0.3719676549865229 0.05332322466515037 0.06367924528301887
0 0.2744503411675512 0.36994609164420483 0.0502906242102603 0.06536388140161725
0 0.2284559009350518 0.3753369272237197 0.04397270659590599 0.060309973045822106
0 0.06419004296183978 0.35680592991913745 0.15516805660854183 0.159366576819407
0 0.052059641142279504 0.15633423180592992 0.17690169320192065 0.18632075471698112
0 0.32221379833206976 0.2816711590296496 0.054081374778872884 0.04514824797843666
0 0.3338387667424817 0.182277628032345 0.043467273186757645 0.06502695417789757
0 0.2817791256002022 0.17756064690026954 0.05054334091483447 0.06233153638814016
0 0.23148850138994187 0.18194070080862534 0.04852160727824109 0.05727762803234501
0 0.29112964366944655 0.24932614555256064 0.04523629011877685 0.045485175202156336
0 0.23022491786707103 0.24359838274932616 0.05888299216578216 0.03369272237196765
0 0.2304776345716452 0.2813342318059299 0.060652009097801364 0.040768194070080865
0 0.5018953752843063 0.27931266846361186 0.030326004548900682 0.04413746630727763
0 0.4690422036896639 0.27661725067385445 0.03083143795804903 0.04683288409703504
0 0.43745261561789234 0.28807277628032346 0.028556987616881475 0.03840970350404313
0 0.4126863785696234 0.27964959568733155 0.027293404094010616 0.043463611859838276
0 0.3853929744756128 0.284366576819407 0.03083143795804903 0.04211590296495957
0 0.3858984078847612 0.2459568733153639 0.030326004548900682 0.036725067385444746
0 0.4172352792519586 0.2459568733153639 0.034622188526661615 0.04043126684636118
0 0.44478140005054334 0.22136118598382748 0.0310841546626232 0.05525606469002695
0 0.47485468789486984 0.23483827493261455 0.02982057113975234 0.043463611859838276
0 0.5029062421026029 0.23349056603773585 0.029567854435178165 0.042789757412398925
0 0.4998736416477129 0.1967654986522911 0.02982057113975234 0.03706199460916442
0 0.4773818549406116 0.2068733153638814 0.02350265352539803 0.026954177897574125
0 0.4490775840283043 0.18935309973045822 0.030578721253474855 0.03032345013477089
0 0.42532221379833207 0.20653638814016173 0.029315137730603992 0.03773584905660377
0 0.3939853424311347 0.2068733153638814 0.0310841546626232 0.03807277628032345
0 0.66868840030326 0.2941374663072776 0.018953752843062926 0.023921832884097036
0 0.6449330300732878 0.29683288409703507 0.02021733636593379 0.02055256064690027
0 0.6209249431387415 0.29952830188679247 0.01819560272934041 0.02122641509433962
0 0.6007076067728077 0.2961590296495957 0.017942886024766236 0.02526954177897574
0 0.5815011372251706 0.2941374663072776 0.01819560272934041 0.027628032345013476
0 0.563052817791256 0.294811320754717 0.016426585797321203 0.02324797843665768
0 0.5451099317664898 0.29952830188679247 0.015415718979024514 0.019204851752021565
0 0.6707101339398535 0.2745956873315364 0.015668435683598686 0.015835579514824796
0 0.6732373009855952 0.2530323450134771 0.013393985342431134 0.022911051212938006
0 0.6739954510993177 0.23079514824797845 0.0192064695476371 0.019204851752021565
0 0.6669193833712408 0.21192722371967654 0.01389941875157948 0.018867924528301886
0 0.6699519838261309 0.18295148247978438 0.019459186252211273 0.024932614555256066
0 0.6479656305281779 0.21361185983827494 0.019711902956785442 0.02425876010781671
0 0.6391205458680819 0.24225067385444743 0.016679302501895376 0.023921832884097036
0 0.6557998483699773 0.2402291105121294 0.01592115238817286 0.023921832884097036
0 0.6504927975739196 0.26785714285714285 0.018953752843062926 0.026954177897574125
0 0.63052817791256 0.2671832884097035 0.01718473591104372 0.02257412398921833
0 0.6141015921152388 0.27931266846361186 0.017437452615617893 0.02055256064690027
0 0.5724033358605004 0.272911051212938 0.017690169320192066 0.02021563342318059
0 0.5496588324488249 0.2745956873315364 0.02047005307050796 0.025943396226415096
0 0.5451099317664898 0.25101078167115903 0.014152135456153651 0.020889487870619946
0 0.5660854182461461 0.25235849056603776 0.014152135456153651 0.02055256064690027
0 0.5837755875663382 0.25134770889487873 0.017437452615617893 0.021900269541778976
0 0.6044983573414203 0.2584231805929919 0.02122820318423048 0.01954177897574124
0 0.623199393479909 0.2557277628032345 0.012130401819560273 0.015835579514824796
0 0.6219358099570381 0.2358490566037736 0.01491028556987617 0.017857142857142856
0 0.6297700277988375 0.2152964959568733 0.01693201920646955 0.02324797843665768
0 0.6133434420015162 0.215633423180593 0.015415718979024514 0.02122641509433962
0 0.6183977760929997 0.20013477088948786 0.016426585797321203 0.018194070080862535
0 0.6095526914329037 0.18665768194070081 0.013141268637856963 0.014487870619946091
0 0.5994440232499368 0.2028301886792453 0.017690169320192066 0.01954177897574124
0 0.6022239070002527 0.23483827493261455 0.01718473591104372 0.020889487870619946
0 0.5868081880212282 0.21765498652291104 0.019711902956785442 0.02223719676549865
0 0.5718979024513521 0.23517520215633422 0.01693201920646955 0.019204851752021565
0 0.5564821834723275 0.2371967654986523 0.014657568865301996 0.01752021563342318
0 0.546878948698509 0.21226415094339623 0.019459186252211273 0.02358490566037736
0 0.5668435683598686 0.21327493261455527 0.015668435683598686 0.0215633423180593
0 0.5807429871114481 0.20316711590296496 0.01389941875157948 0.017857142857142856
0 0.5852918877937832 0.18733153638814015 0.016426585797321203 0.019878706199460916
0 0.5640636846095527 0.18160377358490565 0.01592115238817286 0.02830188679245283
0 0.546878948698509 0.19137466307277629 0.014152135456153651 0.019204851752021565
0 0.7113975233762951 0.29548517520215634 0.02021733636593379 0.02628032345013477
0 0.7328784432650999 0.30694070080862534 0.007328784432650998 0.01179245283018868
0 0.730098559514784 0.28369272237196763 0.01389941875157948 0.018194070080862535
0 0.7078594895122567 0.2685309973045822 0.02047005307050796 0.023921832884097036
0 0.730098559514784 0.2526954177897574 0.017437452615617893 0.02830188679245283
0 0.7083649229214051 0.23888140161725066 0.02021733636593379 0.0272911051212938
0 0.7265605256507455 0.22708894878706198 0.017690169320192066 0.02223719676549865
0 0.7086176396259792 0.2112533692722372 0.02047005307050796 0.02628032345013477
0 0.7086176396259792 0.18194070080862534 0.019964619661359616 0.02931266846361186
0 0.7306039929239323 0.17587601078167117 0.02982057113975234 0.03773584905660377
0 0.7328784432650999 0.20788409703504043 0.030326004548900682 0.032681940700808626
0 0.756633813495072 0.1597035040431267 0.03184230477634572 0.04784366576819407
0 0.7649734647460197 0.19743935309973046 0.03083143795804903 0.03840970350404313
0 0.7894869850897144 0.18935309973045822 0.020722769775082132 0.0215633423180593
0 0.8046499873641648 0.18463611859838275 0.018953752843062926 0.025606469002695417
0 0.8251200404346727 0.1795822102425876 0.021986353297952996 0.02425876010781671
0 0.7910032853171595 0.2112533692722372 0.022744503411675512 0.03908355795148248
0 0.8155168056608542 0.20586253369272237 0.04094010614101592 0.041442048517520216
0 0.8099570381602224 0.24797843665768193 0.047510740459944405 0.03840970350404313
0 0.8261309072529694 0.28706199460916443 0.026535253980288095 0.03234501347708895
0 0.8013646702047005 0.28369272237196763 0.02451352034369472 0.03571428571428571
0 0.7760929997472833 0.28470350404312667 0.02476623704826889 0.034029649595687335
0 0.7424816780389184 0.27897574123989216 0.032600454890068235 0.04245283018867924
0 0.7867071013393986 0.2486522911051213 0.02249178670710134 0.03537735849056604
0 0.749305029062421 0.23551212938005392 0.03664392216325499 0.04110512129380054
0 0.860753095779631 0.23753369272237196 0.07328784432650998 0.08692722371967655
0 0.8587313621430377 0.17722371967654987 0.08541824614607026 0.058288409703504046
0 0.9461713419257013 0.18295148247978438 0.05256507455142785 0.05357142857142857
0 0.9373262572656053 0.2398921832884097 0.06191559262067223 0.08254716981132075
