0 0.948849104859335 0.01828029790115098 0.05115089514066496 0.0927555856465809
0 0.8970588235294118 0.01963439404197698 0.05179028132992328 0.09207853757616791
0 0.8439897698209718 0.024373730534867976 0.05051150895140665 0.08801624915368991
0 0.7915601023017903 0.02843601895734597 0.049872122762148335 0.08259986459038592
0 0.7257033248081841 0.024373730534867976 0.052429667519181586 0.08666215301286391
0 0.6771099744245525 0.023696682464454975 0.04603580562659847 0.08733920108327692
0 0.631074168797954 0.021665538253215978 0.04283887468030691 0.09004739336492891
0 0.5812020460358056 0.02098849018280298 0.049232736572890026 0.09343263371699391
0 0.5019181585677749 0.010155721056194989 0.06457800511508952 0.05077860528097495
0 0.5025575447570333 0.06567366283006093 0.06521739130434782 0.04807041299932295
0 0.4354219948849105 0.007447528774542992 0.062020460358056265 0.05145565335138795
0 0.43350383631713557 0.06364251861882193 0.06457800511508952 0.05077860528097495
0 0.3695652173913043 0.006093432633716994 0.06074168797953964 0.05484089370345294
0 0.3721227621483376 0.06431956668923494 0.061381074168797956 0.04942450914014895
0 0.29923273657289 0.003385240352064997 0.06585677749360613 0.05484089370345294
0 0.29987212276214836 0.06228842247799594 0.06585677749360613 0.05348679756262695
0 0.22442455242966752 0.002031144211238998 0.07033248081841433 0.055517941773865945
0 0.22250639386189258 0.061611374407582936 0.07289002557544758 0.05348679756262695
0 0.1445012787723785 0.007447528774542992 0.07097186700767263 0.05077860528097495
0 0.15025575447570333 0.06296547054840894 0.06713554987212277 0.05010155721056195
0 0.9130434782608695 0.16046039268788084 0.05690537084398977 0.0974949221394719
0 0.8529411764705882 0.15504400812457683 0.058823529411764705 0.10561949898442789
0 0.9648337595907929 0.16655382532159782 0.03324808184143223 0.0907244414353419
0 0.8049872122762148 0.17603249830737983 0.04411764705882353 0.07921462423832092
0 0.7525575447570333 0.16316858496953285 0.05370843989769821 0.0927555856465809
0 0.7033248081841432 0.16181448882870683 0.049232736572890026 0.0947867298578199
0 0.6534526854219949 0.16113744075829384 0.0479539641943734 0.09681787406905891
0 0.5690537084398977 0.14556533513879485 0.0792838874680307 0.11306702775897089
0 0.5 0.15233581584292485 0.06265984654731457 0.052132701421800945
0 0.4993606138107417 0.20785375761679079 0.061381074168797956 0.052809749492213946
0 0.430306905370844 0.15301286391333785 0.06649616368286446 0.05348679756262695
0 0.4328644501278772 0.2071767095463778 0.0639386189258312 0.05484089370345294
0 0.36381074168797956 0.15233581584292485 0.062020460358056265 0.05145565335138795
0 0.3663682864450128 0.2105619498984428 0.05946291560102302 0.05010155721056195
0 0.2813299232736573 0.14556533513879485 0.07161125319693094 0.056194989844278946
0 0.29028132992327366 0.2058226134055518 0.06905370843989769 0.056194989844278946
0 0.21227621483375958 0.14556533513879485 0.06777493606138107 0.05822613405551794
0 0.22122762148337596 0.2037914691943128 0.06457800511508952 0.056194989844278946
0 0.11381074168797954 0.14827352742044686 0.062020460358056265 0.052809749492213946
0 0.13491048593350383 0.2051455653351388 0.06649616368286446 0.052809749492213946
0 0.06905370843989769 0.2064996614759648 0.062020460358056265 0.04942450914014895
0 0.0 0.15368991198375084 0.058184143222506396 0.04807041299932295
0 0.0019181585677749361 0.2058226134055518 0.06010230179028133 0.05077860528097495
0 0.9622762148337596 0.3148273527420447 0.0370843989769821 0.08395396073121192
0 0.9117647058823529 0.31347325660121866 0.049232736572890026 0.09004739336492891
0 0.8567774936061381 0.3175355450236967 0.049872122762148335 0.08395396073121192
0 0.8043478260869565 0.31008801624915366 0.04603580562659847 0.0907244414353419
0 0.7480818414322251 0.3094109681787407 0.05115089514066496 0.09207853757616791
0 0.690537084398977 0.31008801624915366 0.05434782608695652 0.0907244414353419
0 0.6368286445012787 0.3006093432633717 0.049872122762148335 0.1015572105619499
0 0.5818414322250639 0.3121191604603927 0.049872122762148335 0.0927555856465809
0 0.5057544757033248 0.2979011509817197 0.05946291560102302 0.05145565335138795
0 0.5089514066496164 0.35409614082599866 0.05754475703324808 0.04874746106973595
0 0.43414322250639387 0.2972241029113067 0.06521739130434782 0.05348679756262695
0 0.43861892583120204 0.3527420446851727 0.0632992327365729 0.04874746106973595
0 0.3625319693094629 0.29519295870006773 0.06713554987212277 0.05348679756262695
0 0.36508951406649615 0.35138794854434663 0.06649616368286446 0.05077860528097495
0 0.2851662404092072 0.35071090047393366 0.07033248081841433 0.052132701421800945
0 0.20588235294117646 0.2938388625592417 0.07352941176470588 0.05484089370345294
0 0.20588235294117646 0.35071090047393366 0.0748081841432225 0.05484089370345294
0 0.06713554987212277 0.29519295870006773 0.07225063938618925 0.05145565335138795
0 0.06841432225063938 0.35206499661475965 0.0741687979539642 0.05077860528097495
0 0.0025575447570332483 0.2958700067704807 0.06265984654731457 0.052809749492213946
0 0.0012787723785166241 0.35138794854434663 0.0632992327365729 0.05348679756262695
0 0.969309462915601 0.44346648612051454 0.030690537084398978 0.1035883547731889
0 0.907928388746803 0.43872714962762355 0.05946291560102302 0.10765064319566689
0 0.8497442455242967 0.44278943805010157 0.054987212276214836 0.10426540284360189
0 0.7966751918158568 0.44752877454299256 0.05115089514066496 0.1008801624915369
0 0.7416879795396419 0.45091401489505756 0.05179028132992328 0.0947867298578199
0 0.6911764705882353 0.4583615436696005 0.053069053708439895 0.08733920108327692
0 0.6297953964194374 0.45700744752877454 0.056265984654731455 0.08801624915368991
0 0.5684143222506394 0.45633039945836157 0.05434782608695652 0.08937034529451592
0 0.48081841432225064 0.4962762356127285 0.07672634271099744 0.025050778605280974
0 0.48017902813299235 0.5280974949221394 0.07672634271099744 0.021665538253215978
0 0.40601023017902815 0.44075829383886256 0.06969309462915602 0.05348679756262695
0 0.4092071611253197 0.4969532836831415 0.061381074168797956 0.05484089370345294
0 0.31202046035805625 0.4380501015572106 0.06841432225063938 0.052809749492213946
0 0.3126598465473146 0.4989844278943805 0.06777493606138107 0.05348679756262695
0 0.21675191815856779 0.43940419769803657 0.062020460358056265 0.05484089370345294
0 0.22122762148337596 0.4989844278943805 0.0632992327365729 0.05416384563303995
0 0.1387468030690537 0.4969532836831415 0.06649616368286446 0.05416384563303995
0 0.06969309462915602 0.4414353419092756 0.06713554987212277 0.052132701421800945
0 0.06777493606138107 0.4976303317535545 0.06713554987212277 0.05348679756262695
0 0.0006393861892583121 0.44278943805010157 0.06010230179028133 0.05145565335138795
0 0.0 0.4969532836831415 0.06265984654731457 0.055517941773865945
0 0.9430946291560103 0.5775220040622884 0.056265984654731455 0.11374407582938388
0 0.8778772378516624 0.5781990521327014 0.06777493606138107 0.11171293161814488
0 0.8126598465473146 0.5822613405551794 0.06585677749360613 0.11103588354773189
0 0.7372122762148338 0.5748138117806364 0.07289002557544758 0.11983750846310089
0 0.6867007672634271 0.5741367637102234 0.05051150895140665 0.11916046039268788
0 0.6144501278772379 0.5775220040622884 0.07225063938618925 0.11374407582938388
0 0.5255754475703325 0.5761679079214624 0.0748081841432225 0.11645226811103589
0 0.4539641943734015 0.6127285037237644 0.07289002557544758 0.025050778605280974
0 0.4571611253196931 0.6425186188219364 0.07352941176470588 0.02234258632362898
0 0.460997442455243 0.6696005416384563 0.0741687979539642 0.020311442112389978
0 0.3721227621483376 0.6140825998645904 0.07672634271099744 0.024373730534867976
0 0.3670076726342711 0.6411645226811103 0.08439897698209718 0.023696682464454975
0 0.3721227621483376 0.6682464454976303 0.08184143222506395 0.025727826675693975
0 0.2960358056265985 0.5836154366960055 0.06969309462915602 0.052809749492213946
0 0.2966751918158568 0.6391333784698714 0.06905370843989769 0.056194989844278946
0 0.21739130434782608 0.5836154366960055 0.0741687979539642 0.052809749492213946
0 0.21930946291560102 0.6391333784698714 0.07289002557544758 0.05890318212593094
0 0.1445012787723785 0.5822613405551794 0.07161125319693094 0.055517941773865945
0 0.14514066496163683 0.6411645226811103 0.06969309462915602 0.055517941773865945
0 0.07352941176470588 0.5829383886255924 0.06777493606138107 0.05348679756262695
0 0.07097186700767263 0.6391333784698714 0.07097186700767263 0.05687203791469194
0 0.0025575447570332483 0.5842924847664184 0.06521739130434782 0.052809749492213946
0 0.0012787723785166241 0.6404874746106973 0.06074168797953964 0.055517941773865945
0 0.49104859335038364 0.8930264048747462 0.06905370843989769 0.052132701421800945
0 0.3804347826086957 0.8903182125930941 0.07544757033248081 0.05754908598510494
0 0.29028132992327366 0.8937034529451591 0.05946291560102302 0.055517941773865945
0 0.2985933503836317 0.8334461746784022 0.058184143222506396 0.05145565335138795
0 0.23337595907928388 0.8293838862559242 0.05946291560102302 0.056194989844278946
0 0.21994884910485935 0.8937034529451591 0.061381074168797956 0.05416384563303995
0 0.15537084398976983 0.8937034529451591 0.058823529411764705 0.05687203791469194
0 0.08567774936061381 0.8402166553825322 0.06457800511508952 0.05348679756262695
0 0.08312020460358056 0.8977657413676371 0.06521739130434782 0.052132701421800945
0 0.0159846547314578 0.8463100880162492 0.0639386189258312 0.04942450914014895
0 0.014705882352941176 0.9018280297901151 0.061381074168797956 0.05010155721056195
0 0.9392583120204604 0.7704807041299933 0.04731457800511509 0.05077860528097495
0 0.8887468030690537 0.7670954637779283 0.043478260869565216 0.05416384563303995
0 0.8254475703324808 0.7698036560595802 0.05754475703324808 0.052809749492213946
0 0.7698209718670077 0.7840216655382533 0.049232736572890026 0.03656059580230196
0 0.7129156010230179 0.7745429925524713 0.054987212276214836 0.046039268788083954
0 0.6592071611253197 0.7718348002708192 0.046675191815856776 0.04874746106973595
0 0.59846547314578 0.7765741367637102 0.056265984654731455 0.046039268788083954
0 0.3721227621483376 0.7508463100880163 0.0907928388746803 0.06973595125253892
0 0.28324808184143224 0.7400135409614083 0.07800511508951406 0.07786052809749493
0 0.19884910485933505 0.7379823967501693 0.07736572890025575 0.08056872037914692
0 0.10997442455242967 0.7386594448205822 0.07864450127877237 0.07786052809749493
0 0.024296675191815855 0.7373053486797563 0.07736572890025575 0.08259986459038592
0 0.6023017902813299 0.9350033852403521 0.08759590792838874 0.009478672985781991
0 0.600383631713555 0.920108327691266 0.08695652173913043 0.010155721056194989
0 0.5965473145780051 0.9140148950575491 0.09462915601023018 0.006770480704129994
0 0.5946291560102301 0.9052132701421801 0.08695652173913043 0.008801624915368992
0 0.5933503836317136 0.8937034529451591 0.09207161125319693 0.009478672985781991
0 0.5863171355498721 0.8815165876777251 0.10166240409207161 0.009478672985781991
0 0.5863171355498721 0.8693297224102912 0.09782608695652174 0.010832769126607989
0 0.710997442455243 0.8727149627623562 0.07544757033248081 0.004739336492890996
0 0.709079283887468 0.8828706838185512 0.07672634271099744 0.003385240352064997
0 0.709079283887468 0.8876100203114421 0.07800511508951406 0.006770480704129994
0 0.7071611253196931 0.8943805010155721 0.07800511508951406 0.004062288422477996
0 0.7065217391304348 0.899796885578876 0.07864450127877237 0.010155721056194989
0 0.7026854219948849 0.9140148950575491 0.079923273657289 0.008801624915368992
0 0.7039641943734015 0.926201760324983 0.07736572890025575 0.008801624915368992
0 0.7020460358056266 0.937034529451591 0.08248081841432225 0.008124576844955992
0 0.7928388746803069 0.8686526743398781 0.20652173913043478 0.07176709546377792
0 0.7998721227621484 0.9282329045362221 0.04283887468030691 0.012863913337846988
0 0.9149616368286445 0.8882870683818551 0.028132992327365727 0.052132701421800945
0 0.9047314578005116 0.11712931618144888 0.03580562659846547 0.018957345971563982
0 0.8516624040920716 0.11509817197020988 0.03644501278772379 0.018957345971563982
0 0.637468030690537 0.11712931618144888 0.037723785166240406 0.018957345971563982
0 0.6771099744245525 0.11712931618144888 0.03580562659846547 0.01963439404197698
0 0.5812020460358056 0.11983750846310089 0.026214833759590793 0.07379823967501693
0 0.37148337595907927 0.11848341232227488 0.03580562659846547 0.016926201760324982
0 0.08695652173913043 0.11712931618144888 0.03516624040920716 0.016249153689911984
0 0.8631713554987213 0.26201760324983076 0.034526854219948847 0.016926201760324982
0 0.7078005115089514 0.2640487474610697 0.03388746803069054 0.017603249830737983
0 0.5882352941176471 0.2640487474610697 0.03516624040920716 0.016926201760324982
0 0.3721227621483376 0.2640487474610697 0.03516624040920716 0.016249153689911984
0 0.21675191815856779 0.26337169939065674 0.03516624040920716 0.016926201760324982
0 0.0850383631713555 0.2626946513202437 0.034526854219948847 0.016249153689911984
0 0.011508951406649617 0.4069058903182126 0.03516624040920716 0.018957345971563982
0 0.08759590792838874 0.4075829383886256 0.03516624040920716 0.017603249830737983
0 0.21611253196930946 0.4075829383886256 0.034526854219948847 0.016249153689911984
0 0.36828644501278773 0.4082599864590386 0.03516624040920716 0.017603249830737983
0 0.5888746803069054 0.4048747461069736 0.03324808184143223 0.020311442112389978
0 0.959079283887468 0.4048747461069736 0.034526854219948847 0.018957345971563982
0 0.9232736572890026 0.5538253215978335 0.03580562659846547 0.017603249830737983
0 0.5875959079283888 0.5531482735274205 0.03516624040920716 0.017603249830737983
0 0.5191815856777494 0.5538253215978335 0.03388746803069054 0.017603249830737983
0 0.08120204603580562 0.5558564658090724 0.03516624040920716 0.016926201760324982
0 0.5863171355498721 0.6960054163845633 0.034526854219948847 0.018957345971563982
0 0.629156010230179 0.964116452268111 0.03580562659846547 0.018957345971563982
0 0.40281329923273657 0.966824644549763 0.03644501278772379 0.01828029790115098
0 0.23657289002557544 0.9681787406905891 0.03644501278772379 0.016926201760324982
0 0.1010230179028133 0.969532836831415 0.03516624040920716 0.018957345971563982
0 0.31585677749360613 0.7874069058903183 0.034526854219948847 0.02234258632362898
0 0.6176470588235294 0.7880839539607312 0.03388746803069054 0.01963439404197698
0 0.7902813299232737 0.02843601895734597 0.05115089514066496 0.08395396073121192
