0 0.10648148148148148 0.3819444444444444 0.013888888888888888 0.023561507936507936
0 0.09623015873015874 0.3871527777777778 0.01025132275132275 0.018105158730158732
0 0.09259259259259259 0.3819444444444444 0.005952380952380952 0.013888888888888888
0 0.08234126984126984 0.3814484126984127 0.010582010582010581 0.023809523809523808
0 0.07076719576719577 0.3819444444444444 0.011574074074074073 0.022817460317460316
0 0.06283068783068783 0.3836805555555556 0.008267195767195767 0.021825396825396824
0 0.007936507936507936 0.4201388888888889 0.011904761904761904 0.022321428571428572
0 0.042328042328042326 0.3841765873015873 0.008267195767195767 0.015873015873015872
0 0.031084656084656083 0.37996031746031744 0.01025132275132275 0.019593253968253968
0 0.022486772486772486 0.41964285714285715 0.011904761904761904 0.023065476190476192
0 0.037037037037037035 0.4193948412698413 0.011904761904761904 0.023065476190476192
0 0.056216931216931214 0.4193948412698413 0.013558201058201057 0.023065476190476192
0 0.07242063492063493 0.41964285714285715 0.011574074074074073 0.022569444444444444
0 0.09755291005291006 0.42782738095238093 0.008597883597883597 0.014632936507936508
0 0.10052910052910052 0.4246031746031746 0.011243386243386243 0.017361111111111112
0 0.11210317460317461 0.42063492063492064 0.008928571428571428 0.022321428571428572
0 0.015873015873015872 0.45907738095238093 0.009259259259259259 0.02058531746031746
0 0.03968253968253968 0.4558531746031746 0.013227513227513227 0.021825396825396824
0 0.01025132275132275 0.4888392857142857 0.011574074074074073 0.028025793650793652
0 0.02414021164021164 0.4888392857142857 0.006944444444444444 0.027777777777777776
0 0.03373015873015873 0.4888392857142857 0.00958994708994709 0.027777777777777776
0 0.10978835978835978 0.45907738095238093 0.006944444444444444 0.014384920634920634
0 0.10185185185185185 0.45882936507936506 0.006944444444444444 0.015128968253968254
0 0.05357142857142857 0.5384424603174603 0.017526455026455025 0.01711309523809524
0 0.02976190476190476 0.5639880952380952 0.01521164021164021 0.028521825396825396
0 0.11078042328042328 0.5300099206349206 0.008267195767195767 0.025297619047619048
0 0.10284391534391535 0.5295138888888888 0.007936507936507936 0.026537698412698412
0 0.14285714285714285 0.5491071428571429 0.01951058201058201 0.03521825396825397
0 0.16005291005291006 0.5466269841269841 0.01984126984126984 0.030257936507936508
0 0.17195767195767195 0.5471230158730159 0.022486772486772486 0.024553571428571428
0 0.1884920634920635 0.5471230158730159 0.018518518518518517 0.015128968253968254
0 0.2099867724867725 0.5466269841269841 0.0496031746031746 0.057539682539682536
0 0.17956349206349206 0.5840773809523809 0.03505291005291005 0.011656746031746032
0 0.2744708994708995 0.5543154761904762 0.03835978835978836 0.04538690476190476
0 0.2622354497354497 0.5535714285714286 0.016865079365079364 0.043154761904761904
0 0.2996031746031746 0.550843253968254 0.032407407407407406 0.008680555555555556
0 0.314484126984127 0.5560515873015873 0.037037037037037035 0.041666666666666664
0 0.3402777777777778 0.5386904761904762 0.01488095238095238 0.017609126984126984
0 0.3531746031746032 0.5399305555555556 0.041005291005291 0.05828373015873016
0 0.3994708994708995 0.5381944444444444 0.040013227513227514 0.057787698412698416
0 0.439484126984127 0.5381944444444444 0.037698412698412696 0.05555555555555555
0 0.4775132275132275 0.5369543650793651 0.03670634920634921 0.05530753968253968
0 0.5181878306878307 0.5530753968253969 0.04431216931216931 0.038938492063492064
0 0.5535714285714286 0.5478670634920635 0.04365079365079365 0.04290674603174603
0 0.5849867724867724 0.5374503968253969 0.0419973544973545 0.0496031746031746
0 0.626984126984127 0.5523313492063492 0.03902116402116402 0.03546626984126984
0 0.6587301587301587 0.5518353174603174 0.03273809523809524 0.034722222222222224
0 0.6729497354497355 0.5560515873015873 0.03439153439153439 0.032242063492063495
0 0.7076719576719577 0.5642361111111112 0.03968253968253968 0.033482142857142856
0 0.7331349206349206 0.5634920634920635 0.03042328042328042 0.03298611111111111
0 0.7523148148148148 0.5662202380952381 0.03802910052910053 0.037698412698412696
0 0.7731481481481481 0.5696924603174603 0.026124338624338623 0.03869047619047619
0 0.7923280423280423 0.5726686507936508 0.032407407407407406 0.037698412698412696
0 0.8121693121693122 0.5758928571428571 0.041005291005291 0.037698412698412696
0 0.8376322751322751 0.5783730158730159 0.036044973544973546 0.040426587301587304
0 0.8551587301587301 0.5825892857142857 0.04398148148148148 0.040426587301587304
0 0.8869047619047619 0.5835813492063492 0.0419973544973545 0.0441468253968254
0 0.9103835978835979 0.5868055555555556 0.04365079365079365 0.043154761904761904
0 0.9384920634920635 0.5850694444444444 0.05324074074074074 0.05282738095238095
0 0.9884259259259259 0.5865575396825397 0.011243386243386243 0.052083333333333336
0 0.9490740740740741 0.48487103174603174 0.042328042328042326 0.0744047619047619
0 0.9894179894179894 0.4853670634920635 0.00992063492063492 0.07366071428571429
0 0.8826058201058201 0.4965277777777778 0.035383597883597885 0.04265873015873016
0 0.8898809523809523 0.48933531746031744 0.020833333333333332 0.01488095238095238
0 0.8290343915343915 0.49702380952380953 0.05026455026455026 0.03869047619047619
0 0.7827380952380952 0.498015873015873 0.0539021164021164 0.04265873015873016
0 0.7599206349206349 0.49677579365079366 0.045304232804232805 0.041914682539682536
0 0.7410714285714286 0.4878472222222222 0.036044973544973546 0.041666666666666664
0 0.814484126984127 0.5327380952380952 0.06613756613756613 0.017361111111111112
0 0.8832671957671958 0.5411706349206349 0.05092592592592592 0.010168650793650794
0 0.9120370370370371 0.5334821428571429 0.041005291005291 0.010912698412698412
0 0.7027116402116402 0.5203373015873016 0.037037037037037035 0.016617063492063492
0 0.6884920634920635 0.4908234126984127 0.0496031746031746 0.03844246031746032
0 0.6686507936507936 0.49231150793650796 0.037698412698412696 0.037450396825396824
0 0.6369047619047619 0.5151289682539683 0.030753968253968252 0.013392857142857142
0 0.6216931216931217 0.4816468253968254 0.03009259259259259 0.04265873015873016
0 0.5922619047619048 0.48139880952380953 0.03009259259259259 0.04439484126984127
0 0.6574074074074074 0.4833829365079365 0.010582010582010581 0.023809523809523808
0 0.656084656084656 0.4774305555555556 0.041666666666666664 0.03993055555555555
0 0.5661375661375662 0.5143849206349206 0.02017195767195767 0.005704365079365079
0 0.5224867724867724 0.5064484126984127 0.021164021164021163 0.006200396825396825
0 0.5284391534391535 0.5143849206349206 0.01984126984126984 0.004712301587301587
0 0.4751984126984127 0.5086805555555556 0.037037037037037035 0.00496031746031746
0 0.48644179894179895 0.5138888888888888 0.022156084656084655 0.005208333333333333
0 0.4021164021164021 0.49950396825396826 0.054563492063492064 0.029265873015873016
0 0.32275132275132273 0.48759920634920634 0.044642857142857144 0.04538690476190476
0 0.3472222222222222 0.4791666666666667 0.045965608465608467 0.05233134920634921
0 0.39351851851851855 0.47842261904761907 0.008928571428571428 0.051835317460317464
0 0.2698412698412698 0.4781746031746032 0.04563492063492063 0.05580357142857143
0 0.24702380952380953 0.4779265873015873 0.021164021164021163 0.037698412698412696
0 0.22718253968253968 0.4965277777777778 0.03571428571428571 0.03844246031746032
0 0.20899470899470898 0.49231150793650796 0.01917989417989418 0.04290674603174603
0 0.17989417989417988 0.503968253968254 0.023148148148148147 0.028273809523809524
0 0.16104497354497355 0.49851190476190477 0.017857142857142856 0.030257936507936508
0 0.21263227513227514 0.42658730158730157 0.016534391534391533 0.018105158730158732
0 0.2371031746031746 0.4263392857142857 0.018187830687830687 0.019345238095238096
0 0.2595899470899471 0.42757936507936506 0.017195767195767195 0.017361111111111112
0 0.2767857142857143 0.4280753968253968 0.017526455026455025 0.017609126984126984
0 0.22685185185185186 0.4513888888888889 0.018849206349206348 0.020833333333333332
0 0.18683862433862433 0.453125 0.018518518518518517 0.015873015873015872
0 0.17526455026455026 0.44047619047619047 0.01025132275132275 0.028521825396825396
0 0.2933201058201058 0.4496527777777778 0.016865079365079364 0.0220734126984127
0 0.310515873015873 0.4489087301587302 0.021164021164021163 0.023065476190476192
0 0.33796296296296297 0.44419642857142855 0.018518518518518517 0.025049603174603176
0 0.35648148148148145 0.44494047619047616 0.023148148148148147 0.025049603174603176
0 0.3826058201058201 0.4503968253968254 0.011904761904761904 0.018353174603174604
0 0.3955026455026455 0.45089285714285715 0.017195767195767195 0.020089285714285716
0 0.4113756613756614 0.4513888888888889 0.010912698412698412 0.01984126984126984
0 0.4255952380952381 0.44419642857142855 0.02017195767195767 0.025297619047619048
0 0.4497354497354497 0.44494047619047616 0.021494708994708994 0.025297619047619048
0 0.46726190476190477 0.4288194444444444 0.037037037037037035 0.041914682539682536
0 0.4566798941798942 0.43005952380952384 0.012235449735449735 0.012648809523809524
0 0.49966931216931215 0.43601190476190477 0.008267195767195767 0.01711309523809524
0 0.5102513227513228 0.43700396825396826 0.017526455026455025 0.03249007936507937
0 0.5284391534391535 0.4367559523809524 0.005621693121693121 0.011656746031746032
0 0.52744708994709 0.4365079365079365 0.021494708994708994 0.0339781746031746
0 0.5502645502645502 0.4365079365079365 0.00496031746031746 0.012648809523809524
0 0.5476190476190477 0.4367559523809524 0.023478835978835978 0.031994047619047616
0 0.5714285714285714 0.43253968253968256 0.036375661375661374 0.03819444444444445
0 0.564484126984127 0.4322916666666667 0.00958994708994709 0.01488095238095238
0 0.6061507936507936 0.4280753968253968 0.036044973544973546 0.04141865079365079
0 0.6375661375661376 0.4255952380952381 0.034722222222222224 0.043154761904761904
0 0.666005291005291 0.4255952380952381 0.046296296296296294 0.04141865079365079
0 0.6901455026455027 0.42931547619047616 0.04861111111111111 0.04141865079365079
0 0.7248677248677249 0.42509920634920634 0.03968253968253968 0.043402777777777776
0 0.7410714285714286 0.4283234126984127 0.045304232804232805 0.037698412698412696
0 0.7572751322751323 0.42931547619047616 0.061507936507936505 0.03993055555555555
0 0.7999338624338624 0.45262896825396826 0.01984126984126984 0.019593253968253968
0 0.7807539682539683 0.45436507936507936 0.018518518518518517 0.018353174603174604
0 0.8363095238095238 0.4283234126984127 0.06845238095238096 0.044890873015873016
0 0.8128306878306878 0.423859126984127 0.04828042328042328 0.04662698412698413
0 0.892526455026455 0.4246031746031746 0.03273809523809524 0.03794642857142857
0 0.8912037037037037 0.42683531746031744 0.07043650793650794 0.046875
0 0.9404761904761905 0.43799603174603174 0.017195767195767195 0.042162698412698416
0 0.9460978835978836 0.4347718253968254 0.05324074074074074 0.0441468253968254
0 0.9851190476190477 0.3395337301587302 0.01455026455026455 0.059027777777777776
0 0.9368386243386243 0.3373015873015873 0.0496031746031746 0.0625
0 0.9209656084656085 0.3583829365079365 0.037037037037037035 0.04265873015873016
0 0.9312169312169312 0.3531746031746032 0.026785714285714284 0.01711309523809524
0 0.8862433862433863 0.35441468253968256 0.03439153439153439 0.047867063492063495
0 0.9001322751322751 0.33482142857142855 0.028108465608465607 0.01984126984126984
0 0.8541666666666666 0.33630952380952384 0.047619047619047616 0.06721230158730158
0 0.8062169312169312 0.3655753968253968 0.05555555555555555 0.039186507936507936
0 0.8098544973544973 0.33705357142857145 0.04034391534391534 0.03943452380952381
0 0.7923280423280423 0.3427579365079365 0.02943121693121693 0.02703373015873016
0 0.7562830687830688 0.36929563492063494 0.0496031746031746 0.018849206349206348
0 0.7496693121693122 0.3878968253968254 0.05654761904761905 0.016617063492063492
0 0.7784391534391535 0.36259920634920634 0.014219576719576719 0.011904761904761904
0 0.7652116402116402 0.36235119047619047 0.012566137566137565 0.013392857142857142
0 0.736441798941799 0.36259920634920634 0.028439153439153438 0.043402777777777776
0 0.736441798941799 0.3621031746031746 0.023478835978835978 0.006200396825396825
0 0.6947751322751323 0.3618551587301587 0.04133597883597884 0.044642857142857144
0 0.6650132275132276 0.373015873015873 0.030753968253968252 0.0339781746031746
0 0.6157407407407407 0.37351190476190477 0.04034391534391534 0.0339781746031746
0 0.6511243386243386 0.37375992063492064 0.015542328042328041 0.034722222222222224
0 0.5925925925925926 0.3804563492063492 0.023478835978835978 0.026785714285714284
0 0.5621693121693122 0.37996031746031744 0.0291005291005291 0.027529761904761904
0 0.5638227513227513 0.39112103174603174 0.015873015873015872 0.016121031746031748
0 0.5357142857142857 0.39087301587301587 0.01488095238095238 0.017857142857142856
0 0.5502645502645502 0.39087301587301587 0.012566137566137565 0.017609126984126984
0 0.519510582010582 0.39112103174603174 0.016203703703703703 0.018105158730158732
0 0.5026455026455027 0.3923611111111111 0.017195767195767195 0.01711309523809524
0 0.48478835978835977 0.3940972222222222 0.017195767195767195 0.014632936507936508
0 0.46164021164021163 0.39384920634920634 0.018849206349206348 0.014136904761904762
0 0.46296296296296297 0.3568948412698413 0.025793650793650792 0.03670634920634921
0 0.4861111111111111 0.35788690476190477 0.04861111111111111 0.03422619047619048
0 0.4269179894179894 0.37822420634920634 0.028108465608465607 0.03050595238095238
0 0.39616402116402116 0.37797619047619047 0.03207671957671958 0.02976190476190476
0 0.40906084656084657 0.35788690476190477 0.04861111111111111 0.024553571428571428
0 0.38591269841269843 0.3576388888888889 0.021494708994708994 0.050595238095238096
0 0.3435846560846561 0.3539186507936508 0.04265873015873016 0.053323412698412696
0 0.33035714285714285 0.3551587301587302 0.01455026455026455 0.05133928571428571
0 0.29662698412698413 0.3759920634920635 0.031084656084656083 0.031001984126984128
0 0.2777777777777778 0.3767361111111111 0.0205026455026455 0.03050595238095238
0 0.22420634920634921 0.3695436507936508 0.021164021164021163 0.018849206349206348
0 0.20105820105820105 0.3678075396825397 0.022156084656084655 0.019345238095238096
0 0.18915343915343916 0.37003968253968256 0.00992063492063492 0.025049603174603176
0 0.17261904761904762 0.37028769841269843 0.016203703703703703 0.03695436507936508
0 0.16005291005291006 0.3705357142857143 0.012896825396825396 0.03720238095238095
0 0.14087301587301587 0.3715277777777778 0.018187830687830687 0.03794642857142857
0 0.13128306878306878 0.3742559523809524 0.008928571428571428 0.036210317460317464
0 0.12037037037037036 0.37475198412698413 0.01025132275132275 0.03695436507936508
0 0.1306216931216931 0.3382936507936508 0.018518518518518517 0.01240079365079365
0 0.1779100529100529 0.30679563492063494 0.004298941798941799 0.009424603174603174
0 0.16732804232804233 0.30580357142857145 0.017857142857142856 0.039186507936507936
0 0.15211640211640212 0.30952380952380953 0.013227513227513227 0.03968253968253968
0 0.19940476190476192 0.30084325396825395 0.0205026455026455 0.03993055555555555
0 0.18816137566137567 0.30357142857142855 0.010582010582010581 0.03819444444444445
0 0.2251984126984127 0.3010912698412698 0.02447089947089947 0.03993055555555555
0 0.24966931216931218 0.31101190476190477 0.031084656084656083 0.031746031746031744
0 0.2814153439153439 0.3117559523809524 0.031084656084656083 0.03125
0 0.31117724867724866 0.31225198412698413 0.03141534391534392 0.030753968253968252
0 0.34226190476190477 0.29216269841269843 0.036044973544973546 0.05084325396825397
0 0.376984126984127 0.2931547619047619 0.046296296296296294 0.037450396825396824
0 0.41435185185185186 0.330109126984127 0.018187830687830687 0.013640873015873016
0 0.3948412698412698 0.3291170634920635 0.018187830687830687 0.01488095238095238
0 0.4236111111111111 0.294890873015873 0.03009259259259259 0.04811507936507937
0 0.45271164021164023 0.3162202380952381 0.027777777777777776 0.029017857142857144
0 0.4801587301587302 0.31646825396825395 0.0248015873015873 0.029265873015873016
0 0.5042989417989417 0.3167162698412698 0.028108465608465607 0.029017857142857144
0 0.517526455026455 0.29662698412698413 0.04563492063492063 0.04662698412698413
0 0.5611772486772487 0.296875 0.03670634920634921 0.05084325396825397
0 0.5932539682539683 0.29811507936507936 0.01521164021164021 0.04935515873015873
0 0.6087962962962963 0.3194444444444444 0.006944444444444444 0.028025793650793652
0 0.6150793650793651 0.31919642857142855 0.026785714285714284 0.026537698412698412
0 0.6395502645502645 0.3194444444444444 0.007275132275132275 0.02703373015873016
0 0.644510582010582 0.29811507936507936 0.03935185185185185 0.050347222222222224
0 0.6908068783068783 0.29662698412698413 0.04265873015873016 0.04662698412698413
0 0.7281746031746031 0.2904265873015873 0.027116402116402115 0.048859126984126984
0 0.7414021164021164 0.2857142857142857 0.05853174603174603 0.05282738095238095
0 0.7757936507936508 0.28100198412698413 0.05191798941798942 0.05555555555555555
0 0.8247354497354498 0.2770337301587302 0.05125661375661376 0.054563492063492064
0 0.8703703703703703 0.27058531746031744 0.051587301587301584 0.05406746031746032
0 0.8898809523809523 0.26339285714285715 0.05291005291005291 0.06125992063492063
0 0.9246031746031746 0.25967261904761907 0.05257936507936508 0.06299603174603174
0 0.9560185185185185 0.25297619047619047 0.04365079365079365 0.06721230158730158
0 0.13095238095238096 0.2552083333333333 0.01488095238095238 0.039186507936507936
0 0.1421957671957672 0.2544642857142857 0.010582010582010581 0.03695436507936508
0 0.15013227513227514 0.2378472222222222 0.021825396825396824 0.051587301587301584
0 0.1703042328042328 0.24677579365079366 0.0205026455026455 0.03050595238095238
0 0.1908068783068783 0.24131944444444445 0.016865079365079364 0.032242063492063495
0 0.2037037037037037 0.2371031746031746 0.008267195767195767 0.034970238095238096
0 0.21494708994708994 0.23660714285714285 0.016534391534391533 0.037450396825396824
0 0.23148148148148148 0.22321428571428573 0.05257936507936508 0.051587301587301584
0 0.2824074074074074 0.22594246031746032 0.05191798941798942 0.05084325396825397
0 0.3323412698412698 0.22544642857142858 0.04563492063492063 0.054563492063492064
0 0.3835978835978836 0.22743055555555555 0.03670634920634921 0.05803571428571429
0 0.42328042328042326 0.23363095238095238 0.054563492063492064 0.05406746031746032
0 0.46726190476190477 0.234375 0.044642857142857144 0.05084325396825397
0 0.5066137566137566 0.23834325396825398 0.028439153439153438 0.045882936507936505
0 0.5241402116402116 0.25744047619047616 0.014219576719576719 0.027529761904761904
0 0.5367063492063492 0.2562003968253968 0.027116402116402115 0.028521825396825396
0 0.5638227513227513 0.25669642857142855 0.025793650793650792 0.028025793650793652
0 0.5830026455026455 0.24702380952380953 0.013558201058201057 0.010168650793650794
0 0.591931216931217 0.24627976190476192 0.027116402116402115 0.03968253968253968
0 0.6382275132275133 0.24801587301587302 0.015873015873015872 0.03869047619047619
0 0.646494708994709 0.24975198412698413 0.017857142857142856 0.036210317460317464
0 0.6620370370370371 0.2425595238095238 0.006944444444444444 0.00818452380952381
0 0.6633597883597884 0.2418154761904762 0.017195767195767195 0.04265873015873016
0 0.6795634920634921 0.2400793650793651 0.01951058201058201 0.04117063492063492
0 0.7139550264550265 0.23511904761904762 0.022486772486772486 0.042162698412698416
0 0.6980820105820106 0.2361111111111111 0.02017195767195767 0.04439484126984127
0 0.7400793650793651 0.22817460317460317 0.01984126984126984 0.04538690476190476
0 0.7761243386243386 0.22023809523809523 0.022486772486772486 0.04563492063492063
0 0.7622354497354498 0.23412698412698413 0.010582010582010581 0.027529761904761904
0 0.7943121693121693 0.21875 0.021164021164021163 0.0441468253968254
0 0.814484126984127 0.21651785714285715 0.023809523809523808 0.043154761904761904
0 0.8359788359788359 0.2048611111111111 0.017526455026455025 0.050347222222222224
0 0.8544973544973545 0.20436507936507936 0.026124338624338623 0.0496031746031746
0 0.8783068783068783 0.20089285714285715 0.022156084656084655 0.047867063492063495
0 0.8958333333333334 0.19444444444444445 0.03042328042328042 0.051587301587301584
0 0.9246031746031746 0.19047619047619047 0.032407407407407406 0.051587301587301584
0 0.9586640211640212 0.19196428571428573 0.03571428571428571 0.047619047619047616
0 0.9867724867724867 0.2048611111111111 0.013227513227513227 0.032242063492063495
0 0.14384920634920634 0.5590277777777778 0.007936507936507936 0.018105158730158732
0 0.18551587301587302 0.5709325396825397 0.018849206349206348 0.01066468253968254
0 0.18882275132275134 0.5850694444444444 0.01951058201058201 0.003968253968253968
0 0.2275132275132275 0.5944940476190477 0.016534391534391533 0.005704365079365079
0 0.7536375661375662 0.5868055555555556 0.01025132275132275 0.008432539682539682
0 0.734457671957672 0.5838293650793651 0.011904761904761904 0.009176587301587302
0 0.7106481481481481 0.5835813492063492 0.011904761904761904 0.009176587301587302
0 0.7721560846560847 0.5895337301587301 0.017526455026455025 0.010168650793650794
0 0.7946428571428571 0.5910218253968254 0.016534391534391533 0.012648809523809524
0 0.8167989417989417 0.5994543650793651 0.018187830687830687 0.00744047619047619
0 0.8416005291005291 0.6021825396825397 0.011904761904761904 0.006696428571428571
0 0.8624338624338624 0.6031746031746031 0.015542328042328041 0.011656746031746032
0 0.8948412698412699 0.6078869047619048 0.017195767195767195 0.00992063492063492
0 0.9169973544973545 0.6083829365079365 0.014219576719576719 0.011408730158730158
0 0.9424603174603174 0.6150793650793651 0.016203703703703703 0.01240079365079365
0 0.892526455026455 0.5042162698412699 0.01521164021164021 0.012152777777777778
0 0.84755291005291 0.4982638888888889 0.03009259259259259 0.017609126984126984
0 0.8921957671957672 0.4928075396825397 0.016203703703703703 0.009424603174603174
0 0.791005291005291 0.515625 0.021494708994708994 0.013392857142857142
0 0.7665343915343915 0.5133928571428571 0.015542328042328041 0.012152777777777778
0 0.7486772486772487 0.49528769841269843 0.021825396825396824 0.011408730158730158
0 0.5863095238095238 0.5228174603174603 0.007936507936507936 0.003968253968253968
0 0.5472883597883598 0.5230654761904762 0.008267195767195767 0.004464285714285714
0 0.5082671957671958 0.5240575396825397 0.007605820105820105 0.005208333333333333
