0 0.051599032518140284 0.120741785930256 0.10669174952969632 0.0463616206409998
0 0.19080892233270627 0.12537794799435598 0.11045417898414404 0.04172545857689982
0 0.31066917495296964 0.12598266478532555 0.10104810534802472 0.03970973594033461
0 0.4286482128460091 0.12719209836726467 0.10427304488040849 0.03850030235839549
0 0.5442085460897608 0.12235436403950817 0.10911045417898414 0.04495061479540415
0 0.6764310669174953 0.12416851441241686 0.1083042192958882 0.04031445273130417
0 0.8008599838753023 0.11993549687562992 0.11045417898414404 0.04273331989518242
0 0.08949207202364956 0.2684942551904858 0.10588551464660037 0.04454747026809111
0 0.21848965331900028 0.27030840556339447 0.10346680999731254 0.04031445273130417
0 0.3485622144584789 0.27091312235436404 0.10749798441279226 0.04273331989518242
0 0.47272238645525394 0.2690989719814553 0.10669174952969632 0.040919169522273736
0 0.6084385917764042 0.27030840556339447 0.10400429991937651 0.039105019149365046
0 0.7334049986562752 0.2697036887724249 0.09782316581564096 0.04031445273130417
0 0.8417092179521634 0.27030840556339447 0.10588551464660037 0.039105019149365046
0 0.06933619994625101 0.41120741785930254 0.09513571620532114 0.04071759725861721
0 0.18973394248857833 0.41120741785930254 0.10722923945176029 0.041523886313243295
0 0.31174415479709755 0.4093932674863939 0.10481053480247246 0.0435396089498085
0 0.42945444772910507 0.4085869784317678 0.1069604944907283 0.043338036686151986
0 0.5549583445310401 0.410602701068333 0.10104810534802472 0.04132231404958678
0 0.6780435366836872 0.411005845595646 0.10239183015318462 0.04172545857689982
0 0.8073098629400699 0.4095948397500504 0.10642300456866434 0.043942753477121545
0 0.002956194571351787 0.5109856883692804 0.06423004568664338 0.07518645434388228
0 0.08492340768610589 0.5121951219512195 0.0653050255307713 0.07458173755291272
0 0.17952163396936308 0.5134045555331587 0.06288632088148348 0.07659746018947793
0 0.2708949207202365 0.517032856278976 0.048105348024724534 0.07115500907075187
0 0.34453104004299917 0.5156218504333804 0.046492878258532655 0.07317073170731707
0 0.3969363074442354 0.5164281394880065 0.04488040849234077 0.0715581535980649
0 0.4751410911045418 0.5130014110058456 0.059930126310131684 0.0743801652892562
0 0.5563020693362 0.512799838742189 0.06100510615425961 0.0743801652892562
0 0.6326256382692824 0.5134045555331587 0.059123891427035745 0.07498488208022576
0 0.7011556033324375 0.5438419673452933 0.10400429991937651 0.04616004837734328
0 0.8153722117710293 0.5428341060270107 0.10911045417898414 0.04616004837734328
0 0.07363611932276269 0.6738560774037492 0.10507927976350444 0.0463616206409998
0 0.18624025799516258 0.6742592219310622 0.10803547433485622 0.0473694819592824
0 0.31066917495296964 0.6742592219310622 0.10212308519215264 0.04676476516831284
0 0.4262295081967213 0.6728482160854666 0.10212308519215264 0.04656319290465632
0 0.5563020693362 0.6397903648457972 0.06503628056973931 0.07841161056238662
0 0.6296694436979307 0.6407982261640798 0.06261757592045149 0.07800846603507357
0 0.6998118785272777 0.6502721225559362 0.07336737436173071 0.04595847611368676
0 0.7909164203171191 0.6510784116105623 0.06423004568664338 0.04777262648659544
0 0.8599838753023381 0.6488611167103406 0.06852996506315506 0.049586776859504134
0 0.07901101854340231 0.8060874823624269 0.09701693093254501 0.04172545857689982
0 0.17925288900833108 0.8058859100987704 0.09889814565976889 0.04595847611368676
0 0.2835259338887396 0.8066921991533965 0.10131685030905671 0.0425317476315259
0 0.38645525396398817 0.8066921991533965 0.10131685030905671 0.044749042531747635
0 0.499865627519484 0.8085063495263052 0.0999731255038968 0.04434589800443459
0 0.9325450147809728 0.5436403950816368 0.06423004568664338 0.044749042531747635
0 0.9629131953775867 0.6551098568836928 0.03574307981725343 0.04616004837734328
0 0.0026874496103198066 0.12497480346704294 0.04219295888202096 0.038701874622052004
0 0.0018812147272238647 0.2699052610360814 0.060467616232195646 0.04031445273130417
0 0.0032249395323837677 0.4116105623866156 0.04676162321956463 0.038701874622052004
0 0.9387261488847084 0.1197339246119734 0.06100510615425961 0.043942753477121545
0 0.9540446116635313 0.265873815762951 0.04326793872614888 0.041523886313243295
0 0.002149959688255845 0.8085063495263052 0.06208008599838753 0.038701874622052004
0 0.6062886320881483 0.8050796210441443 0.0986294006987369 0.04676476516831284
0 0.7073367374361731 0.8036686151985487 0.10024187046492879 0.048578915541221526
0 0.820478366030637 0.8040717597258618 0.10857296425692019 0.04656319290465632
0 0.9346949744692287 0.8046764765168313 0.06288632088148348 0.04595847611368676
0 0.0005374899220639613 0.9598871195323524 0.07793603869927439 0.03850030235839549
0 0.08868583714055361 0.956661963313848 0.0986294006987369 0.04212860310421286
0 0.22063961300725612 0.9590808304777263 0.09701693093254501 0.04071759725861721
0 0.347218489653319 0.9286434186655916 0.05536146197258801 0.0705502922797823
0 0.43859177640419245 0.8857085265067527 0.06100510615425961 0.11348518443862124
0 0.5122278957269552 0.8844990929248135 0.06449879064767536 0.11388832896593429
0 0.6175759204514916 0.8810723644426527 0.08304219295888202 0.0705502922797823
0 0.6186509002956194 0.952428945777061 0.08062348830959419 0.047167909695625884
0 0.7463047567858103 0.9338842975206612 0.055630206933619995 0.06530941342471276
0 0.8048911582907821 0.9324732916750655 0.05240526740123623 0.06651884700665188
0 0.8589088954582101 0.9328764362023786 0.056436441816715935 0.0657125579520258
0 0.9183015318462778 0.9324732916750655 0.05348024724536415 0.06732513606127796
0 0.972319269013706 0.9312638580931264 0.026337006181134104 0.0685345696432171
0 0.10615425960763236 0.21326345494859908 0.10158559527008869 0.02580124974803467
0 0.10427304488040849 0.23644426526909898 0.10077936038699274 0.023785527111469463
0 0.10373555495834454 0.2570046361620641 0.10131685030905671 0.017133642410804274
0 0.0013437248051599033 0.21406974400322515 0.06611126041386724 0.02176980447490425
0 0.002149959688255845 0.23725055432372505 0.06960494490728299 0.01914936504736948
0 0.002149959688255845 0.25579520258012495 0.07148615963450686 0.01914936504736948
0 0.2332706261757592 0.25579520258012495 0.10400429991937651 0.017738359201773836
0 0.002149959688255845 0.006853456964321709 0.05966138134909971 0.02338238258415642
0 0.0005374899220639613 0.030235839548478128 0.059123891427035745 0.02096351542027817
0 0.002149959688255845 0.0511993549687563 0.06100510615425961 0.02277766579318686
0 0.0013437248051599033 0.07296915944366056 0.0583176565439398 0.020761943156621648
0 0.0 0.09433581939125177 0.05939263638806772 0.01854464825639992
0 0.0008062348830959419 0.11388832896593429 0.04944907282988444 0.012295908083047773
0 0.06718624025799516 0.0012094335819391251 0.10722923945176029 0.009070751864543439
0 0.06879871002418704 0.011892763555734731 0.10964794410104811 0.017335214674460794
0 0.06772373018005913 0.031243700866760735 0.10964794410104811 0.02136665994759121
0 0.0666487503359312 0.05180407175972586 0.11126041386723999 0.01894779278371296
0 0.06718624025799516 0.07417859302559968 0.1083042192958882 0.017335214674460794
0 0.06611126041386724 0.09111066317274744 0.11072292394517602 0.02176980447490425
0 0.06449879064767536 0.11388832896593429 0.10561676968556839 0.00927232412819996
0 0.19000268744961032 0.0012094335819391251 0.10991668906208009 0.00947389639185648
0 0.18597151303413062 0.012295908083047773 0.10964794410104811 0.01854464825639992
0 0.18865896264445042 0.031243700866760735 0.11502284332168772 0.019350937311026002
0 0.19215264713786617 0.05301350534166498 0.10991668906208009 0.020560370892965127
0 0.19054017737167428 0.0743801652892562 0.10991668906208009 0.019754081838339044
0 0.19269013705993013 0.09614996976416045 0.10776672937382424 0.01652892561983471
0 0.18919645256651438 0.11388832896593429 0.11126041386723999 0.008466035073573876
0 0.3125503896801935 0.05180407175972586 0.10749798441279226 0.02136665994759121
0 0.3114754098360656 0.0743801652892562 0.11018543402311207 0.020560370892965127
0 0.3136253695243214 0.0965531142914735 0.10803547433485622 0.020560370892965127
0 0.3147003493684493 0.11671034065712559 0.1069604944907283 0.010280185446482563
0 0.4254232733136254 0.0020157226365652087 0.11018543402311207 0.008667607337230397
0 0.41655468959957 0.011892763555734731 0.006181134103735555 0.016932070147147753
0 0.4254232733136254 0.012699052610360815 0.10937919914001612 0.018141503729086877
0 0.4211233539371137 0.03406571255795202 0.11152915882827197 0.01894779278371296
0 0.4221983337812416 0.0550292279782302 0.10937919914001612 0.017738359201773836
0 0.4216608438591776 0.07558959887119532 0.1083042192958882 0.018141503729086877
0 0.42434829346949743 0.0937311026002822 0.10722923945176029 0.022172949002217297
0 0.4232733136253695 0.11630719612981254 0.10937919914001612 0.010280185446482563
0 0.35259338887395864 0.21709332795807296 0.10481053480247246 0.019955654101995565
0 0.35259338887395864 0.23704898206006852 0.10427304488040849 0.019955654101995565
0 0.35313087879602256 0.25740778068937714 0.10722923945176029 0.014513202983269502
0 0.4748723461435098 0.23604112074178593 0.10776672937382424 0.02176980447490425
0 0.47433485622144583 0.2588187865349728 0.11018543402311207 0.010280185446482563
0 0.0010749798441279225 0.3565813344083854 0.07202364955657081 0.018343075992743398
0 0.0002687449610319806 0.3759322717194114 0.07175490459553883 0.01894779278371296
0 0.0010749798441279225 0.39669421487603307 0.06745498521902714 0.01411005845595646
0 0.07793603869927439 0.3549687562991332 0.11314162859446385 0.022374521265873817
0 0.07390486428379468 0.3759322717194114 0.11126041386723999 0.016932070147147753
0 0.07712980381617844 0.3952832090304374 0.10481053480247246 0.01632735335617819
0 0.19242139209889814 0.3579923402539811 0.10561676968556839 0.017335214674460794
0 0.19107766729373823 0.37633541624672445 0.10803547433485622 0.016932070147147753
0 0.19107766729373823 0.3932674863938722 0.11072292394517602 0.017939931465430357
0 0.30851921526471376 0.3545656117718202 0.10615425960763236 0.020761943156621648
0 0.3066380005374899 0.37532755492844183 0.10722923945176029 0.020560370892965127
0 0.30583176565439396 0.39427534771215483 0.10669174952969632 0.015521064301552107
0 0.4251545283525934 0.3555734730901028 0.10669174952969632 0.020358798629308606
0 0.42461703843052945 0.3779479943559766 0.10669174952969632 0.016932070147147753
0 0.4251545283525934 0.39729893166700264 0.10669174952969632 0.012900624874017335
0 0.5444772910507928 0.0 0.10749798441279226 0.014513202983269502
0 0.5431335662456329 0.01592420882886515 0.10454178984144047 0.01592420882886515
0 0.5391023918301532 0.03225156218504334 0.10561676968556839 0.019955654101995565
0 0.596076323568933 0.2162870389034469 0.11072292394517602 0.01894779278371296
0 0.596076323568933 0.2386615601693207 0.11206664875033594 0.016932070147147753
0 0.598226283257189 0.2555936303164685 0.10937919914001612 0.011288046764765169
0 0.7188927707605482 0.21729490022172948 0.10400429991937651 0.01874622052005644
0 0.7148615963450685 0.23805684337835115 0.10722923945176029 0.016932070147147753
0 0.7175490459553884 0.2570046361620641 0.10346680999731254 0.009877040919169522
0 0.8288094598226283 0.2152791775851643 0.10588551464660037 0.016730497883491232
0 0.8309594195108841 0.23563797621447288 0.10588551464660037 0.016730497883491232
0 0.8296156947057243 0.2549889135254989 0.11179790378930395 0.013505341664986898
0 0.9408761085729642 0.21124773231203386 0.0583176565439398 0.022374521265873817
0 0.9454447729105079 0.2346301148961903 0.05321150228433217 0.017335214674460794
0 0.944907282988444 0.25297319088893366 0.054286482128460094 0.014513202983269502
0 0.6678312281644719 0.0010078613182826044 0.10722923945176029 0.010481757710139084
0 0.6691749529696318 0.014513202983269502 0.10857296425692019 0.019350937311026002
0 0.667024993281376 0.03527514613989115 0.10803547433485622 0.02096351542027817
0 0.6683687180865359 0.05926224551501713 0.10803547433485622 0.017738359201773836
0 0.6683687180865359 0.07962104414432573 0.10937919914001612 0.017738359201773836
0 0.6651437785541521 0.09635154202781697 0.10991668906208009 0.01894779278371296
0 0.6664875033593121 0.11731505744809514 0.11126041386723999 0.004434589800443459
0 0.7957538296156947 0.005442451118726063 0.10803547433485622 0.02297923805684338
0 0.7957538296156947 0.031243700866760735 0.11126041386723999 0.01854464825639992
0 0.7930663800053749 0.0511993549687563 0.11206664875033594 0.019350937311026002
0 0.7898414404729911 0.07357387623463012 0.11448535339962376 0.019350937311026002
0 0.7936038699274388 0.09554525297319089 0.1069604944907283 0.015722636565208628
0 0.7930663800053749 0.11288046764765168 0.11260413867239989 0.004434589800443459
0 0.9271701155603332 0.005039306591413021 0.07148615963450686 0.02338238258415642
0 0.9102391830153185 0.030235839548478128 0.013437248051599033 0.014916347510582543
0 0.9115829078204783 0.05079621044144326 0.013974737973662993 0.01632735335617819
0 0.9115829078204783 0.07216287038903448 0.013437248051599033 0.012900624874017335
0 0.9269013705993012 0.03084055633944769 0.07175490459553883 0.019350937311026002
0 0.9277076054823972 0.04777262648659544 0.07148615963450686 0.026809111066317275
0 0.9269013705993012 0.0705502922797823 0.07175490459553883 0.02539810522072163
0 0.9263638806772373 0.0899012295908083 0.06879871002418704 0.024994960693408588
0 0.9277076054823972 0.11086474501108648 0.06826122010212309 0.01632735335617819
0 0.9150765923138942 0.13968957871396895 0.01263101316850309 0.01632735335617819
0 0.9083579682880946 0.0888933682725257 0.0166621875839828 0.019955654101995565
0 0.5536146197258801 0.37472283813747226 0.09782316581564096 0.01914936504736948
0 0.9392636388067723 0.352953033662568 0.0569739317387799 0.09574682523684741
0 0.5511959150765923 0.39629107034872 0.10507927976350444 0.018141503729086877
0 0.6562751948400968 0.3565813344083854 0.01209352324643913 0.02116508768393469
0 0.6748185971513034 0.3565813344083854 0.10346680999731254 0.019350937311026002
0 0.6691749529696318 0.3777464220923201 0.10346680999731254 0.01612578109252167
0 0.6683687180865359 0.3950816367667809 0.0986294006987369 0.014513202983269502
0 0.7933351249664069 0.35537190082644626 0.10185434023112067 0.018141503729086877
0 0.7901101854340231 0.3759322717194114 0.10911045417898414 0.017939931465430357
0 0.7901101854340231 0.3938722031848418 0.10104810534802472 0.01874622052005644
0 0.7876914807847353 0.4162467244507156 0.015318462778822897 0.012497480346704294
0 0.7893039505509272 0.4329772223342068 0.010481053480247245 0.016932070147147753
0 0.9290513302875572 0.4902237452126587 0.06799247514109111 0.013706913928643418
0 0.9266326256382693 0.5093731102600282 0.07121741467347487 0.016932070147147753
0 0.9314700349368449 0.5293287643620238 0.06638000537489921 0.011288046764765169
0 0.8062348830959419 0.47208224148357186 0.11878527277613544 0.024188671638782504
0 0.8134909970438055 0.49808506349526305 0.10991668906208009 0.01431163071961298
0 0.8118785272776136 0.5136061277968151 0.10588551464660037 0.017536786938117315
0 0.8126847621607095 0.5323523483168716 0.10266057511421661 0.013706913928643418
0 0.6882558452029024 0.4738963918564805 0.10266057511421661 0.019350937311026002
0 0.6906745498521902 0.4984882080225761 0.10346680999731254 0.018141503729086877
0 0.6979306638000538 0.516629711751663 0.10024187046492879 0.013303769401330377
0 0.6995431335662456 0.5323523483168716 0.10104810534802472 0.011288046764765169
0 0.6337006181134104 0.5051400927232412 0.045149153453372746 0.007861318282604314
0 0.5649019080892234 0.5039306591413022 0.04004299919376512 0.0066518847006651885
0 0.47433485622144583 0.5081636766780891 0.054286482128460094 0.007256601491634751
0 0.2840634238108036 0.50695424309615 0.04111797903789304 0.0066518847006651885
0 0.32195646331631284 0.526305180407176 0.00859983875302338 0.019754081838339044
0 0.3227626981994088 0.5466639790364846 0.011824778285407149 0.016932070147147753
0 0.21042730448804084 0.50695424309615 0.04407417360924483 0.014513202983269502
0 0.24079548508465468 0.5275146139891151 0.016930932545014783 0.020358798629308606
0 0.24563289438323033 0.5472686958274542 0.012899758129535071 0.02116508768393469
0 0.0 0.6776859504132231 0.056436441816715935 0.04011288046764765
0 0.0002687449610319806 0.6587381576295102 0.06584251545283526 0.015319492037895585
0 0.002149959688255845 0.6420076597460189 0.0583176565439398 0.017536786938117315
0 0.0010749798441279225 0.6260834509171538 0.06208008599838753 0.014513202983269502
0 0.08304219295888202 0.6099576698246322 0.11018543402311207 0.029631122757508566
0 0.09594195108841709 0.1711348518443862 0.011824778285407149 0.004233017536786938
0 0.22977694168234344 0.17133642410804273 0.01209352324643913 0.0048377343277565005
0 0.3636119322762698 0.17274742995363837 0.014243482934694974 0.004233017536786938
0 0.4904595538833647 0.17153799637169925 0.013437248051599033 0.00463616206409998
0 0.610051061542596 0.17093327958072968 0.013974737973662993 0.0056440233823825845
0 0.7452297769416824 0.17053013505341666 0.01209352324643913 0.0056440233823825845
0 0.8830959419510884 0.16790969562588187 0.01263101316850309 0.0048377343277565005
0 0.07739854877721043 0.3160653094134247 0.015049717817790917 0.005240878855069542
0 0.2571889277076055 0.3152590203587986 0.014512227895726955 0.006450312437008668
0 0.4138672399892502 0.31566216488611165 0.013705993012631014 0.006853456964321709
0 0.08841709217952164 0.4571658939729893 0.011824778285407149 0.007659746018947792
0 0.21096479441010482 0.45918161660955453 0.014780972856758936 0.005845595646039105
0 0.4985219027143241 0.313848014513203 0.013168503090567052 0.0066518847006651885
0 0.3431873152378393 0.4595847611368676 0.01263101316850309 0.005240878855069542
0 0.46170384305294276 0.4595847611368676 0.013437248051599033 0.005442451118726063
0 0.6495565708142972 0.3160653094134247 0.01585595270088686 0.005039306591413021
0 0.7683418435904327 0.31646845394073775 0.01236226820747111 0.004434589800443459
0 0.8927707605482397 0.31445273130417256 0.013168503090567052 0.0056440233823825845
0 0.7304488040849234 0.4595847611368676 0.01236226820747111 0.0066518847006651885
0 0.5909701693093254 0.4595847611368676 0.014243482934694974 0.0066518847006651885
0 0.847352862133835 0.45918161660955453 0.013705993012631014 0.005442451118726063
0 0.9903251814028486 0.4573674662366458 0.00859983875302338 0.005240878855069542
0 0.09594195108841709 0.5978633340052408 0.014780972856758936 0.00463616206409998
0 0.1902714324106423 0.5956460391050191 0.013437248051599033 0.005442451118726063
0 0.35743079817253426 0.5960491836323322 0.012899758129535071 0.005039306591413021
0 0.4071486159634507 0.5946381777867366 0.015049717817790917 0.0056440233823825845
0 0.46600376242945446 0.5980649062688974 0.014780972856758936 0.005240878855069542
0 0.542058586401505 0.5980649062688974 0.015587207739854878 0.0066518847006651885
0 0.6232195646331631 0.5954444668413627 0.015049717817790917 0.00705502922797823
0 0.7446922870196184 0.5962507558959887 0.016930932545014783 0.007458173755291272
0 0.8734211233539371 0.5962507558959887 0.01719967750604676 0.007458173755291272
0 0.9123891427035743 0.7325136061277968 0.013705993012631014 0.005039306591413021
0 0.818597151303413 0.7311026002822012 0.013705993012631014 0.005845595646039105
0 0.7253426498253158 0.7311026002822012 0.015049717817790917 0.006450312437008668
0 0.667024993281376 0.729490022172949 0.015049717817790917 0.008062890546260835
0 0.5796828809459823 0.7280790163273534 0.013974737973662993 0.0056440233823825845
0 0.7008868583714055 0.6974400322515621 0.0653050255307713 0.022172949002217297
0 0.77747917226552 0.6389840757911711 0.050792797635044344 0.012699052610360815
0 0.77882289707068 0.700866760733723 0.07471109916689062 0.02116508768393469
0 0.8575651706530503 0.6389840757911711 0.0569739317387799 0.00927232412819996
0 0.8653587745229777 0.6998588994154404 0.06611126041386724 0.022172949002217297
0 0.9338887395861327 0.6397903648457972 0.06234883095941951 0.019754081838339044
0 0.9381886589626445 0.6690183430759927 0.019887127116366567 0.013102197137673856
0 0.9349637194302607 0.6853456964321709 0.026337006181134104 0.008667607337230397
0 0.9567320612738511 0.7053013505341665 0.040311744154797095 0.015521064301552107
0 0.08492340768610589 0.6422092320096755 0.0999731255038968 0.016730497883491232
0 0.08331093791991401 0.6601491634751058 0.09809191077667294 0.013303769401330377
0 0.19806503628056973 0.6137875428341061 0.10212308519215264 0.027615400120943358
0 0.19457135178715398 0.6440233823825842 0.09836065573770492 0.014916347510582543
0 0.1986025262026337 0.6585365853658537 0.09889814565976889 0.014916347510582543
0 0.31496909432948134 0.6117718201975408 0.09836065573770492 0.029026405966539003
0 0.3157753292125773 0.6393872203184842 0.09594195108841709 0.019754081838339044
0 0.3163128191346412 0.6589397298931667 0.09298575651706531 0.015319492037895585
0 0.4286482128460091 0.6135859705704495 0.09002956194571352 0.024591816166095546
0 0.4278419779629132 0.6399919371094538 0.09513571620532114 0.01612578109252167
0 0.42703574307981723 0.657125579520258 0.09674818597151304 0.01592420882886515
0 0.009674818597151304 0.7292884499092925 0.014512227895726955 0.005240878855069542
0 0.11341037355549584 0.7311026002822012 0.01612469766191884 0.004434589800443459
0 0.249932813759742 0.7315057448095142 0.013705993012631014 0.0048377343277565005
0 0.3652244020424617 0.7286837331183229 0.01612469766191884 0.007458173755291272
0 0.4488040849234077 0.7302963112275751 0.013705993012631014 0.005845595646039105
0 0.002149959688255845 0.7403749244104011 0.06906745498521903 0.029631122757508566
0 0.0016124697661918839 0.772424914331788 0.07417360924482666 0.01411005845595646
0 0.0 0.7891554122152792 0.07363611932276269 0.012497480346704294
0 0.0005374899220639613 0.8028623261439226 0.07309862940069874 0.003225156218504334
0 0.07954850846546627 0.7423906470469663 0.10991668906208009 0.02600282201169119
0 0.08384842784197796 0.7689981858496271 0.10104810534802472 0.01632735335617819
0 0.08223595807578608 0.7865349727877444 0.09889814565976889 0.01632735335617819
0 0.19537758667024993 0.7417859302559968 0.09836065573770492 0.029026405966539003
0 0.18677774791722654 0.7689981858496271 0.09728567589357699 0.017939931465430357
0 0.18570276807309863 0.7893569844789357 0.09782316581564096 0.014916347510582543
0 0.29561945713517873 0.7548881273936706 0.09486697124428917 0.033864140294295506
0 0.2894383230314432 0.7887522676879661 0.0986294006987369 0.017335214674460794
0 0.3972050524052674 0.7560975609756098 0.09379199140016124 0.03043741181213465
0 0.39398011287288365 0.7877444063696836 0.09782316581564096 0.017335214674460794
0 0.007793603869927439 0.8607135658133441 0.01612469766191884 0.006450312437008668
0 0.16635313087879602 0.8613182826043136 0.014780972856758936 0.005442451118726063
0 0.30260682612201023 0.8637371497681919 0.013168503090567052 0.0056440233823825845
0 0.4361730717549046 0.864140294295505 0.01746842246707874 0.005240878855069542
0 0.570008062348831 0.8635355775045354 0.016930932545014783 0.00705502922797823
0 0.7159365761891965 0.8631324329772223 0.01585595270088686 0.007861318282604314
0 0.8586401504971781 0.864140294295505 0.0166621875839828 0.006853456964321709
0 0.9758129535071217 0.8671638782503528 0.01639344262295082 0.006047167909695626
0 0.49825315775329215 0.7510582543841967 0.09647944101048106 0.03587986293086071
0 0.500134372480516 0.7865349727877444 0.09379199140016124 0.01894779278371296
0 0.5976887933351249 0.7427937915742794 0.10077936038699274 0.0280185446482564
0 0.5987637731792529 0.7722233420681315 0.09701693093254501 0.015319492037895585
0 0.6033324375167965 0.7887522676879661 0.09352324643912927 0.014916347510582543
0 0.708949207202365 0.7440032251562185 0.09540446116635314 0.029429550493852045
0 0.708949207202365 0.7742390647046966 0.09755442085460897 0.014916347510582543
0 0.7073367374361731 0.7913727071155009 0.09755442085460897 0.011288046764765169
0 0.819403386186509 0.7440032251562185 0.0999731255038968 0.0280185446482564
0 0.819403386186509 0.7708123362225358 0.10212308519215264 0.017939931465430357
0 0.819403386186509 0.7901632735335617 0.09970438054286482 0.015117919774239064
0 0.9239451760279495 0.7558959887119532 0.07471109916689062 0.031445273130417256
0 0.9298575651706531 0.7909695625881878 0.06772373018005913 0.014916347510582543
0 0.0034936844934157483 0.8748236242693005 0.09271701155603332 0.034872001612578106
0 0.0034936844934157483 0.9103003426728482 0.08438591776404192 0.017536786938117315
0 0.0002687449610319806 0.9262245515017133 0.09029830690674549 0.017738359201773836
0 0.0 0.941544043539609 0.09244826659500134 0.01632735335617819
0 0.10212308519215264 0.8929651279983875 0.09594195108841709 0.034872001612578106
0 0.10534802472453642 0.9242088288651481 0.0986294006987369 0.019350937311026002
0 0.10481053480247246 0.9403346099576698 0.10427304488040849 0.018343075992743398
0 0.22870196183821553 0.8758314855875832 0.10346680999731254 0.015521064301552107
0 0.22547702230583178 0.8933682725257005 0.10346680999731254 0.007861318282604314
0 0.22708949207202364 0.9036484579721831 0.10077936038699274 0.009877040919169522
0 0.22762698199408762 0.9159443660552308 0.09647944101048106 0.014916347510582543
0 0.22762698199408762 0.9328764362023786 0.09970438054286482 0.011086474501108648
0 0.22708949207202364 0.9463817778673654 0.09916689062080086 0.010280185446482563
0 0.36011824778285406 0.9213868171739569 0.05052405267401236 0.006853456964321709
0 0.005374899220639613 0.5105825438419673 0.057780166621875836 0.07740374924410401
0 0.5350712174146735 0.056641806087482365 0.11045417898414404 0.020560370892965127
0 0.5399086267132491 0.08002418867163878 0.10776672937382424 0.01390848619229994
0 0.5339962375705456 0.09594839750050393 0.11556033324375167 0.019754081838339044
