0 0.3948688271604938 0.0011574074074074073 0.05381944444444445 0.16001157407407407
0 0.3636188271604938 0.015625 0.033371913580246916 0.16087962962962962
0 0.2945601851851852 0.06105324074074074 0.05709876543209876 0.16145833333333334
0 0.26697530864197533 0.08622685185185185 0.026041666666666668 0.15943287037037038
0 0.2368827160493827 0.10416666666666667 0.028356481481481483 0.14814814814814814
0 0.2162422839506173 0.12471064814814815 0.01832561728395062 0.1472800925925926
0 0.1716820987654321 0.16666666666666666 0.041859567901234566 0.12702546296296297
0 0.15123456790123457 0.18055555555555555 0.017939814814814815 0.12297453703703703
0 0.12982253086419754 0.19560185185185186 0.020061728395061727 0.12384259259259259
0 0.35320216049382713 0.08738425925925926 0.007716049382716049 0.09606481481481481
0 0.10185185185185185 0.2230902777777778 0.024498456790123458 0.1171875
0 0.08217592592592593 0.2349537037037037 0.01890432098765432 0.11371527777777778
0 0.05999228395061729 0.25376157407407407 0.019097222222222224 0.11024305555555555
0 0.03009259259259259 0.2907986111111111 0.026813271604938273 0.09577546296296297
0 0.01273148148148148 0.3368055555555556 0.013310185185185185 0.06626157407407407
0 0.7690972222222222 0.19444444444444445 0.07253086419753087 0.3023726851851852
0 0.6963734567901234 0.22019675925925927 0.07175925925925926 0.2925347222222222
0 0.6313657407407407 0.2488425925925926 0.062114197530864196 0.2708333333333333
0 0.5655864197530864 0.2818287037037037 0.062114197530864196 0.25376157407407407
0 0.5081018518518519 0.30758101851851855 0.053626543209876545 0.2378472222222222
0 0.4479166666666667 0.3292824074074074 0.06114969135802469 0.2248263888888889
0 0.40412808641975306 0.3449074074074074 0.040123456790123455 0.21354166666666666
0 0.33622685185185186 0.3793402777777778 0.06095679012345679 0.19068287037037038
0 0.29899691358024694 0.3894675925925926 0.03530092592592592 0.18489583333333334
0 0.2692901234567901 0.40219907407407407 0.026813271604938273 0.17766203703703703
0 0.2501929012345679 0.4166666666666667 0.018132716049382717 0.16608796296296297
0 0.2175925925925926 0.42332175925925924 0.030671296296296297 0.16174768518518517
0 0.1722608024691358 0.4418402777777778 0.043209876543209874 0.15133101851851852
0 0.1576003086419753 0.45167824074074076 0.022183641975308643 0.1423611111111111
0 0.14216820987654322 0.45515046296296297 0.019483024691358024 0.1423611111111111
0 0.11959876543209877 0.4620949074074074 0.026041666666666668 0.1362847222222222
0 0.09934413580246913 0.4675925925925926 0.02507716049382716 0.13512731481481483
0 0.08333333333333333 0.4713541666666667 0.016010802469135804 0.13049768518518517
0 0.8449074074074074 0.1623263888888889 0.1076388888888889 0.3130787037037037
0 0.9106867283950617 0.7702546296296297 0.08912037037037036 0.2254050925925926
0 0.8225308641975309 0.7711226851851852 0.08391203703703703 0.22887731481481483
0 0.7386188271604939 0.7670717592592593 0.07966820987654322 0.2326388888888889
0 0.6896219135802469 0.7627314814814815 0.046296296296296294 0.2349537037037037
0 0.6157407407407407 0.7615740740740741 0.07272376543209877 0.2349537037037037
0 0.5489969135802469 0.7543402777777778 0.06365740740740741 0.24537037037037038
0 0.5109953703703703 0.7560763888888888 0.03433641975308642 0.24363425925925927
0 0.451195987654321 0.7523148148148148 0.05844907407407408 0.2439236111111111
0 0.4066358024691358 0.7505787037037037 0.04147376543209876 0.23177083333333334
0 0.3690200617283951 0.7482638888888888 0.03510802469135803 0.22135416666666666
0 0.33275462962962965 0.7473958333333334 0.03452932098765432 0.2175925925925926
0 0.2961033950617284 0.7456597222222222 0.034722222222222224 0.21122685185185186
0 0.23668981481481483 0.7378472222222222 0.05439814814814815 0.1935763888888889
0 0.21141975308641975 0.7407407407407407 0.024112654320987654 0.1791087962962963
0 0.19367283950617284 0.7398726851851852 0.015817901234567902 0.17042824074074073
0 0.1711033950617284 0.7392939814814815 0.02546296296296296 0.1579861111111111
0 0.14544753086419754 0.7392939814814815 0.03125 0.15625
0 0.13233024691358025 0.7442129629629629 0.01890432098765432 0.1388888888888889
0 0.11863425925925926 0.7479745370370371 0.017746913580246913 0.1244212962962963
0 0.09953703703703703 0.7471064814814815 0.019675925925925927 0.11834490740740741
0 0.0785108024691358 0.7442129629629629 0.01986882716049383 0.12152777777777778
0 0.07658179012345678 0.7242476851851852 0.027199074074074073 0.017361111111111112
0 0.053626543209876545 0.7144097222222222 0.022955246913580248 0.1371527777777778
0 0.03375771604938271 0.7123842592592593 0.019097222222222224 0.1232638888888889
0 0.011766975308641976 0.7144097222222222 0.019097222222222224 0.11487268518518519
0 0.001736111111111111 0.7109375 0.01427469135802469 0.11747685185185185
0 0.05150462962962963 0.5040509259259259 0.030671296296296297 0.10561342592592593
0 0.014853395061728395 0.5040509259259259 0.031635802469135804 0.11631944444444445
0 0.00019290123456790122 0.5121527777777778 0.01427469135802469 0.11140046296296297
