0 0.0 0.20911654135338345 0.022598870056497175 0.021851503759398497
0 0.061087570621468926 0.20770676691729323 0.037076271186440676 0.0274906015037594
0 0.1415960451977401 0.17598684210526316 0.03848870056497175 0.02913533834586466
0 0.20903954802259886 0.17598684210526316 0.042725988700564974 0.029840225563909775
0 0.0 0.03594924812030075 0.06956214689265537 0.16917293233082706
0 0.04696327683615819 0.029605263157894735 0.09074858757062147 0.1762218045112782
0 0.12252824858757062 0.0025845864661654134 0.11581920903954802 0.16964285714285715
0 0.2761299435028249 0.012453007518796992 0.06956214689265537 0.16588345864661655
0 0.3481638418079096 0.01762218045112782 0.07309322033898305 0.1611842105263158
0 0.4247881355932203 0.01668233082706767 0.08333333333333333 0.1637687969924812
0 0.5098870056497176 0.001644736842105263 0.10557909604519775 0.08858082706766918
0 0.510593220338983 0.09257518796992481 0.10134180790960452 0.08834586466165413
0 0.6168785310734464 0.002349624060150376 0.09463276836158192 0.08740601503759399
0 0.715042372881356 0.001644736842105263 0.06179378531073446 0.08928571428571429
0 0.6151129943502824 0.09163533834586467 0.0893361581920904 0.09069548872180451
0 0.707274011299435 0.09375 0.0702683615819209 0.08599624060150377
0 0.2019774011299435 0.01362781954887218 0.06885593220338983 0.16094924812030076
0 0.2736581920903955 0.18068609022556392 0.03884180790960452 0.02655075187969925
0 0.3810028248587571 0.18186090225563908 0.0557909604519774 0.02631578947368421
0 0.5307203389830508 0.1825657894736842 0.0423728813559322 0.028665413533834585
0 0.6105225988700564 0.1837406015037594 0.048375706214689264 0.028900375939849624
0 0.6970338983050848 0.18397556390977443 0.048375706214689264 0.028900375939849624
0 0.827683615819209 0.029605263157894735 0.12217514124293785 0.22697368421052633
0 0.0007062146892655367 0.29229323308270677 0.03742937853107345 0.07777255639097744
0 0.03954802259887006 0.2899436090225564 0.05120056497175141 0.08458646616541353
0 0.0925141242937853 0.24295112781954886 0.03672316384180791 0.11325187969924812
0 0.13312146892655366 0.22274436090225563 0.09533898305084745 0.1231203007518797
0 0.22916666666666666 0.20841165413533835 0.1126412429378531 0.143796992481203
0 0.3474576271186441 0.20982142857142858 0.0971045197740113 0.14285714285714285
0 0.4456214689265537 0.21264097744360902 0.10416666666666667 0.14520676691729323
0 0.5540254237288136 0.21428571428571427 0.10875706214689265 0.15413533834586465
0 0.6687853107344632 0.21687030075187969 0.10204802259887005 0.15953947368421054
0 0.774364406779661 0.30850563909774437 0.1765536723163842 0.11677631578947369
0 0.12358757062146893 0.3491541353383459 0.05367231638418079 0.021146616541353382
0 0.2108050847457627 0.3536184210526316 0.05261299435028249 0.020676691729323307
0 0.3054378531073446 0.35385338345864664 0.0568502824858757 0.025610902255639098
0 0.4071327683615819 0.3609022556390977 0.05826271186440678 0.021146616541353382
0 0.509180790960452 0.37030075187969924 0.05755649717514124 0.022321428571428572
0 0.6302966101694916 0.37852443609022557 0.05614406779661017 0.025140977443609023
0 0.002824858757062147 0.5054041353383458 0.023305084745762712 0.011278195488721804
0 0.03001412429378531 0.5056390977443609 0.05120056497175141 0.017857142857142856
0 0.08403954802259887 0.5117481203007519 0.04766949152542373 0.01644736842105263
0 0.0 0.4081296992481203 0.022245762711864406 0.09351503759398497
0 0.0278954802259887 0.399906015037594 0.04413841807909605 0.10361842105263158
0 0.07521186440677965 0.39920112781954886 0.03213276836158192 0.1050281954887218
0 0.10911016949152542 0.3987312030075188 0.033545197740113 0.10949248120300752
0 0.1440677966101695 0.3801691729323308 0.06673728813559322 0.175046992481203
0 0.2132768361581921 0.3855733082706767 0.0748587570621469 0.17669172932330826
0 0.2923728813559322 0.3890977443609023 0.13665254237288135 0.18209586466165414
0 0.3997175141242938 0.393562030075188 0.1182909604519774 0.18585526315789475
0 0.4788135593220339 0.443843984962406 0.1673728813559322 0.15296052631578946
0 0.5490819209039548 0.399906015037594 0.091454802259887 0.04393796992481203
0 0.6338276836158192 0.41000939849624063 0.08545197740112995 0.18961466165413535
0 0.7213983050847458 0.4069548872180451 0.11299435028248588 0.20559210526315788
0 0.13453389830508475 0.5578007518796992 0.0346045197740113 0.013862781954887217
0 0.2658898305084746 0.5639097744360902 0.05649717514124294 0.025140977443609023
0 0.3463983050847458 0.5953947368421053 0.0 0.0
0 0.519774011299435 0.5909304511278195 0.05790960451977401 0.020676691729323307
0 0.6818502824858758 0.6083176691729323 0.06285310734463277 0.02044172932330827
0 0.0 0.5777725563909775 0.029307909604519775 0.05521616541353384
0 0.03177966101694915 0.581296992481203 0.03001412429378531 0.05733082706766917
0 0.0635593220338983 0.5918703007518797 0.041666666666666664 0.050516917293233085
0 0.06285310734463277 0.537359022556391 0.03884180790960452 0.05286654135338346
0 0.12252824858757062 0.5509868421052632 0.0557909604519774 0.023731203007518797
0 0.0 0.6339285714285714 0.033545197740113 0.025610902255639098
0 0.033192090395480225 0.6475563909774437 0.03919491525423729 0.01268796992481203
0 0.0024717514124293787 0.6433270676691729 0.020833333333333332 0.010103383458646616
0 0.1094632768361582 0.5951597744360902 0.04096045197740113 0.052161654135338346
0 0.0 0.6609492481203008 0.03001412429378531 0.10361842105263158
0 0.03213276836158192 0.6651785714285714 0.04590395480225989 0.10455827067669173
0 0.07662429378531073 0.6656484962406015 0.07344632768361582 0.11842105263157894
0 0.005649717514124294 0.7680921052631579 0.053319209039548024 0.03148496240601504
0 0.12217514124293785 0.8129699248120301 0.0 0.0
0 0.1384180790960452 0.7777255639097744 0.0 0.0
0 0.4399717514124294 0.8012218045112782 0.0 0.0
0 0.2443502824858757 0.7695018796992481 0.07062146892655367 0.027020676691729324
0 0.672316384180791 0.6644736842105263 0.07168079096045198 0.013157894736842105
0 0.8608757062146892 0.5418233082706767 0.08333333333333333 0.027960526315789474
0 0.8456920903954802 0.543233082706767 0.0893361581920904 0.047932330827067667
0 0.7552966101694916 0.023496240601503758 0.1228813559322034 0.20888157894736842
0 0.9332627118644068 0.01832706766917293 0.06638418079096045 0.24577067669172933
0 0.855225988700565 0.5852913533834586 0.07944915254237288 0.03759398496240601
0 0.8524011299435028 0.6113721804511278 0.0847457627118644 0.0568609022556391
0 0.928319209039548 0.5122180451127819 0.06885593220338983 0.05098684210526316
0 0.931497175141243 0.5596804511278195 0.0681497175141243 0.0406484962406015
0 0.9286723163841808 0.599624060150376 0.07097457627118645 0.03900375939849624
0 0.9350282485875706 0.6365131578947368 0.0646186440677966 0.03829887218045113
0 0.3463983050847458 0.5730733082706767 0.058968926553672314 0.023966165413533833
0 0.04413841807909605 0.7798402255639098 0.0 0.0
0 0.05084745762711865 0.7760808270676691 0.053319209039548024 0.025845864661654134
0 0.12888418079096045 0.7537593984962406 0.05861581920903955 0.024906015037593984
0 0.20127118644067796 0.774671052631579 0.10346045197740113 0.020911654135338346
0 0.3573446327683616 0.7852443609022557 0.05614406779661017 0.0293703007518797
0 0.4671610169491525 0.8007518796992481 0.05402542372881356 0.03406954887218045
0 0.6574858757062146 0.8296522556390977 0.05402542372881356 0.03665413533834586
0 0.10204802259887005 0.5310150375939849 0.09004237288135593 0.06273496240601503
0 0.14901129943502825 0.5885808270676691 0.10663841807909605 0.17575187969924813
0 0.2517655367231638 0.5944548872180451 0.11758474576271187 0.19055451127819548
0 0.3626412429378531 0.6045582706766918 0.1497175141242938 0.19266917293233082
0 0.4639830508474576 0.6120770676691729 0.15007062146892655 0.20089285714285715
0 0.5543785310734464 0.6132518796992481 0.2612994350282486 0.22791353383458646
0 0.9036016949152542 0.7272086466165414 0.0681497175141243 0.023026315789473683
0 0.943502824858757 0.7502349624060151 0.007062146892655367 0.029840225563909775
0 0.9544491525423728 0.8580827067669173 0.0 0.0
0 0.885593220338983 0.8444548872180451 0.0 0.0
0 0.9738700564971752 0.8933270676691729 0.0 0.0
0 0.826271186440678 0.6952537593984962 0.0 0.0
0 0.8760593220338984 0.7577537593984962 0.09180790960451977 0.06038533834586466
0 0.0 0.8359962406015038 0.06673728813559322 0.15625
0 0.06532485875706215 0.8218984962406015 0.05084745762711865 0.175046992481203
0 0.11546610169491525 0.8359962406015038 0.042725988700564974 0.1637687969924812
0 0.15112994350282485 0.7991071428571429 0.1094632768361582 0.1987781954887218
0 0.259180790960452 0.7976973684210527 0.1504237288135593 0.20230263157894737
0 0.408545197740113 0.8155545112781954 0.11122881355932203 0.18421052631578946
0 0.519774011299435 0.8573778195488722 0.18679378531073446 0.14238721804511278
0 0.6440677966101694 0.8893327067669173 0.1853813559322034 0.11043233082706767
0 0.013064971751412429 0.6398026315789473 0.05367231638418079 0.021851503759398497
0 0.04625706214689265 0.6412124060150376 0.058968926553672314 0.026080827067669173
0 0.8534604519774012 0.24953007518796994 0.1461864406779661 0.181156015037594
