0 0.015053763440860216 0.2908602150537634 0.025448028673835124 0.029301075268817204
0 0.04498207885304659 0.2618279569892473 0.032795698924731186 0.0271505376344086
0 0.05842293906810036 0.2903225806451613 0.02132616487455197 0.02795698924731183
0 0.08028673835125448 0.2879032258064516 0.022222222222222223 0.029838709677419355
0 0.10412186379928315 0.2884408602150538 0.024731182795698924 0.02849462365591398
0 0.12974910394265232 0.2884408602150538 0.01971326164874552 0.031720430107526884
0 0.1507168458781362 0.28897849462365593 0.01989247311827957 0.030376344086021505
0 0.17186379928315412 0.28897849462365593 0.027060931899641576 0.029838709677419355
0 0.012903225806451613 0.32123655913978494 0.01953405017921147 0.029301075268817204
0 0.03530465949820789 0.3206989247311828 0.02025089605734767 0.02903225806451613
0 0.05842293906810036 0.32016129032258067 0.01935483870967742 0.030376344086021505
0 0.07939068100358423 0.32016129032258067 0.02186379928315412 0.03198924731182796
0 0.10340501792114695 0.32016129032258067 0.02186379928315412 0.030376344086021505
0 0.12724014336917563 0.3206989247311828 0.02060931899641577 0.029838709677419355
0 0.14946236559139786 0.3206989247311828 0.01989247311827957 0.030376344086021505
0 0.17060931899641577 0.32123655913978494 0.02186379928315412 0.029838709677419355
0 0.21917562724014336 0.28413978494623654 0.022401433691756272 0.03225806451612903
0 0.19659498207885304 0.31827956989247314 0.0 0.0
0 0.19408602150537635 0.32016129032258067 0.021505376344086023 0.03198924731182796
0 0.21845878136200717 0.3188172043010753 0.02186379928315412 0.031720430107526884
0 0.007885304659498209 0.35053763440860214 0.022759856630824374 0.03225806451612903
0 0.03369175627240143 0.3524193548387097 0.02078853046594982 0.029838709677419355
0 0.05591397849462366 0.3524193548387097 0.022759856630824374 0.03064516129032258
0 0.07974910394265233 0.353494623655914 0.022222222222222223 0.029838709677419355
0 0.10340501792114695 0.3524193548387097 0.02186379928315412 0.030913978494623656
0 0.12634408602150538 0.35080645161290325 0.02114695340501792 0.03306451612903226
0 0.1478494623655914 0.3540322580645161 0.02258064516129032 0.029301075268817204
0 0.17186379928315412 0.35295698924731184 0.02060931899641577 0.031451612903225803
0 0.19336917562724015 0.35456989247311826 0.021684587813620072 0.02903225806451613
0 0.21863799283154123 0.35268817204301073 0.02114695340501792 0.032526881720430105
0 0.2413978494623656 0.310752688172043 0.025806451612903226 0.032795698924731186
0 0.24050179211469533 0.3473118279569892 0.023476702508960574 0.035483870967741936
0 0.26577060931899643 0.3403225806451613 0.024014336917562724 0.04247311827956989
0 0.29229390681003586 0.2903225806451613 0.021684587813620072 0.047311827956989246
0 0.29336917562724013 0.33763440860215055 0.02007168458781362 0.0467741935483871
0 0.31810035842293904 0.3389784946236559 0.022401433691756272 0.047311827956989246
0 0.34408602150537637 0.31370967741935485 0.02114695340501792 0.038172043010752686
0 0.3431899641577061 0.34946236559139787 0.021505376344086023 0.03333333333333333
0 0.014336917562724014 0.5594086021505377 0.0 0.0
0 0.013261648745519713 0.5594086021505377 0.02992831541218638 0.03064516129032258
0 0.043369175627240145 0.47446236559139787 0.034587813620071683 0.11559139784946236
0 0.07956989247311828 0.47419354838709676 0.03136200716845878 0.11801075268817204
0 0.11326164874551971 0.4771505376344086 0.032974910394265235 0.11424731182795698
0 0.1474910394265233 0.47553763440860214 0.03387096774193549 0.11505376344086021
0 0.18387096774193548 0.4771505376344086 0.028315412186379927 0.11290322580645161
0 0.21917562724014336 0.4728494623655914 0.0 0.0
0 0.21308243727598566 0.4774193548387097 0.03387096774193549 0.11370967741935484
0 0.2496415770609319 0.4798387096774194 0.03261648745519713 0.11021505376344086
0 0.2863799283154122 0.4728494623655914 0.02939068100358423 0.11478494623655915
0 0.3170250896057348 0.4736559139784946 0.03118279569892473 0.11559139784946236
0 0.3496415770609319 0.4706989247311828 0.033154121863799284 0.11774193548387096
0 0.41559139784946236 0.35376344086021505 0.024910394265232973 0.02903225806451613
0 0.44121863799283156 0.353494623655914 0.02060931899641577 0.030107526881720432
0 0.46415770609318996 0.31827956989247314 0.02114695340501792 0.030107526881720432
0 0.48584229390681005 0.31908602150537635 0.022939068100358423 0.030107526881720432
0 0.46415770609318996 0.35 0.02060931899641577 0.03333333333333333
0 0.4863799283154122 0.34838709677419355 0.0 0.0
0 0.4863799283154122 0.34919354838709676 0.022401433691756272 0.03602150537634408
0 0.3827956989247312 0.4852150537634409 0.04247311827956989 0.0260752688172043
0 0.3827956989247312 0.5134408602150538 0.04121863799283154 0.024731182795698924
0 0.38405017921146956 0.5381720430107527 0.04139784946236559 0.025537634408602152
0 0.38405017921146956 0.5655913978494623 0.03996415770609319 0.025537634408602152
0 0.4275985663082437 0.5381720430107527 0.0 0.0
0 0.42939068100358424 0.5389784946236559 0.0 0.0
0 0.42401433691756274 0.5629032258064516 0.0453405017921147 0.029838709677419355
0 0.4747311827956989 0.5309139784946236 0.04050179211469534 0.030107526881720432
0 0.4747311827956989 0.5602150537634408 0.04229390681003584 0.029838709677419355
0 0.5182795698924731 0.5284946236559139 0.022401433691756272 0.032526881720430105
0 0.5206093189964157 0.5594086021505377 0.01935483870967742 0.02446236559139785
0 0.5419354838709678 0.5295698924731183 0.01810035842293907 0.0260752688172043
0 0.543010752688172 0.5556451612903226 0.015770609318996417 0.03198924731182796
0 0.5629032258064516 0.5301075268817205 0.01953405017921147 0.028225806451612902
0 0.5629032258064516 0.5594086021505377 0.01899641577060932 0.030376344086021505
0 0.5100358422939069 0.3155913978494624 0.024193548387096774 0.02956989247311828
0 0.5342293906810036 0.3110215053763441 0.022759856630824374 0.03413978494623656
0 0.5616487455197132 0.31693548387096776 0.022759856630824374 0.032795698924731186
0 0.5876344086021505 0.3155913978494624 0.02186379928315412 0.03306451612903226
0 0.5093189964157706 0.3486559139784946 0.024910394265232973 0.03387096774193549
0 0.5374551971326165 0.3486559139784946 0.01881720430107527 0.03763440860215054
0 0.5616487455197132 0.35080645161290325 0.022759856630824374 0.03306451612903226
0 0.5836917562724014 0.35080645161290325 0.027419354838709678 0.03413978494623656
0 0.6111111111111112 0.31693548387096776 0.023476702508960574 0.030376344086021505
0 0.6094982078853046 0.35080645161290325 0.025089605734767026 0.03655913978494624
0 0.6340501792114696 0.3172043010752688 0.022401433691756272 0.032526881720430105
0 0.6369175627240143 0.3486559139784946 0.022759856630824374 0.03467741935483871
0 0.6627240143369175 0.31451612903225806 0.01971326164874552 0.03521505376344086
0 0.6636200716845878 0.3486559139784946 0.0 0.0
0 0.6596774193548387 0.3497311827956989 0.023476702508960574 0.03413978494623656
0 0.6863799283154122 0.3110215053763441 0.02258064516129032 0.03521505376344086
0 0.6838709677419355 0.3532258064516129 0.02204301075268817 0.03521505376344086
0 0.7098566308243728 0.31451612903225806 0.01953405017921147 0.029301075268817204
0 0.7066308243727598 0.3486559139784946 0.02204301075268817 0.03521505376344086
0 0.7349462365591398 0.3172043010752688 0.02258064516129032 0.030107526881720432
0 0.7317204301075269 0.3486559139784946 0.022759856630824374 0.03387096774193549
0 0.7611111111111111 0.31827956989247314 0.021684587813620072 0.032795698924731186
0 0.7587813620071685 0.35268817204301073 0.022939068100358423 0.02768817204301075
0 0.7831541218637993 0.3172043010752688 0.02025089605734767 0.03118279569892473
0 0.8050179211469534 0.317741935483871 0.022939068100358423 0.031720430107526884
0 0.7826164874551972 0.3502688172043011 0.021505376344086023 0.03387096774193549
0 0.8050179211469534 0.35295698924731184 0.01953405017921147 0.02849462365591398
0 0.8327956989247312 0.31586021505376344 0.022401433691756272 0.03225806451612903
0 0.8327956989247312 0.3502688172043011 0.02204301075268817 0.033602150537634407
0 0.8557347670250897 0.3502688172043011 0.0 0.0
0 0.8559139784946237 0.3502688172043011 0.019175627240143368 0.034408602150537634
0 0.8562724014336918 0.31344086021505374 0.01989247311827957 0.03602150537634408
0 0.8878136200716846 0.31290322580645163 0.022939068100358423 0.035483870967741936
0 0.8845878136200717 0.35 0.022222222222222223 0.032795698924731186
0 0.9120071684587814 0.32741935483870965 0.016666666666666666 0.028225806451612902
0 0.9096774193548387 0.3567204301075269 0.016129032258064516 0.02795698924731183
0 0.9306451612903226 0.3260752688172043 0.017383512544802866 0.02795698924731183
0 0.928673835125448 0.35833333333333334 0.016845878136200716 0.025268817204301075
0 0.9492831541218638 0.32768817204301076 0.015949820788530467 0.026344086021505377
0 0.9458781362007168 0.35618279569892475 0.02043010752688172 0.026881720430107527
0 0.9682795698924731 0.3303763440860215 0.0 0.0
0 0.002150537634408602 0.7293010752688172 0.0 0.0
0 0.001075268817204301 0.7231182795698925 0.03655913978494624 0.031451612903225803
0 0.0008960573476702509 0.757258064516129 0.036917562724014336 0.025268817204301075
0 0.00035842293906810036 0.789247311827957 0.035483870967741936 0.025268817204301075
0 0.05017921146953405 0.6854838709677419 0.044623655913978495 0.022311827956989248
0 0.0503584229390681 0.7104838709677419 0.041935483870967745 0.021505376344086023
0 0.0482078853046595 0.7349462365591398 0.04516129032258064 0.02204301075268817
0 0.04498207885304659 0.7580645161290323 0.03763440860215054 0.02338709677419355
0 0.04247311827956989 0.7873655913978495 0.04265232974910394 0.025268817204301075
0 0.08584229390681003 0.7658602150537634 0.0 0.0
0 0.08584229390681003 0.7688172043010753 0.04139784946236559 0.020698924731182795
0 0.08709677419354839 0.7881720430107527 0.03888888888888889 0.025268817204301075
0 0.128494623655914 0.7319892473118279 0.042114695340501794 0.0271505376344086
0 0.128494623655914 0.7631720430107527 0.042114695340501794 0.024193548387096774
0 0.128494623655914 0.7873655913978495 0.04265232974910394 0.028225806451612902
0 0.17258064516129032 0.7513440860215054 0.02258064516129032 0.028763440860215053
0 0.17383512544802868 0.7844086021505376 0.02078853046594982 0.026344086021505377
0 0.1978494623655914 0.7182795698924731 0.02060931899641577 0.030107526881720432
0 0.19838709677419356 0.7524193548387097 0.02007168458781362 0.026881720430107527
0 0.19838709677419356 0.7825268817204301 0.02132616487455197 0.02903225806451613
0 0.21971326164874552 0.7483870967741936 0.022759856630824374 0.03225806451612903
0 0.22240143369175627 0.7825268817204301 0.02132616487455197 0.030913978494623656
0 0.2431899641577061 0.7602150537634409 0.02132616487455197 0.022311827956989248
0 0.24444444444444444 0.7862903225806451 0.02007168458781362 0.025
0 0.26899641577060934 0.7543010752688172 0.0 0.0
0 0.2661290322580645 0.7591397849462366 0.04551971326164875 0.024193548387096774
0 0.2664874551971326 0.7862903225806451 0.043369175627240145 0.025
0 0.3123655913978495 0.7271505376344086 0.04408602150537634 0.029838709677419355
0 0.3123655913978495 0.7561827956989248 0.044623655913978495 0.028225806451612902
0 0.3116487455197133 0.7833333333333333 0.0453405017921147 0.02661290322580645
0 0.35698924731182796 0.7271505376344086 0.0442652329749104 0.02661290322580645
0 0.35842293906810035 0.7580645161290323 0.04265232974910394 0.02338709677419355
0 0.3589605734767025 0.7844086021505376 0.04139784946236559 0.0271505376344086
0 0.40232974910394265 0.7580645161290323 0.04283154121863799 0.02446236559139785
0 0.4012544802867383 0.7838709677419354 0.04516129032258064 0.026881720430107527
0 0.44767025089605733 0.7524193548387097 0.04283154121863799 0.02903225806451613
0 0.4496415770609319 0.7844086021505376 0.04139784946236559 0.024193548387096774
0 0.4922939068100358 0.7435483870967742 0.02204301075268817 0.029301075268817204
0 0.4910394265232975 0.7758064516129032 0.024731182795698924 0.03225806451612903
0 0.5150537634408602 0.6940860215053763 0.02204301075268817 0.03494623655913978
0 0.5175627240143369 0.7319892473118279 0.01756272401433692 0.042741935483870966
0 0.5175627240143369 0.7758064516129032 0.016308243727598565 0.02903225806451613
0 0.53584229390681 0.761021505376344 0.02258064516129032 0.042741935483870966
0 0.5625448028673835 0.6723118279569893 0.032795698924731186 0.13629032258064516
0 0.5953405017921147 0.6717741935483871 0.03243727598566308 0.13790322580645162
0 0.6290322580645161 0.6706989247311828 0.03100358422939068 0.13682795698924732
0 0.6627240143369175 0.6776881720430108 0.03494623655913978 0.12903225806451613
0 0.5860215053763441 0.47419354838709676 0.037096774193548385 0.11370967741935484
0 0.6240143369175627 0.4685483870967742 0.034050179211469536 0.12204301075268817
0 0.6609318996415771 0.47123655913978496 0.02849462365591398 0.11935483870967742
0 0.7139784946236559 0.5551075268817204 0.01899641577060932 0.032795698924731186
0 0.7338709677419355 0.553763440860215 0.01899641577060932 0.03494623655913978
0 0.7548387096774194 0.5309139784946236 0.02078853046594982 0.031451612903225803
0 0.7557347670250896 0.560752688172043 0.017025089605734768 0.0271505376344086
0 0.774731182795699 0.5309139784946236 0.02060931899641577 0.026344086021505377
0 0.7741935483870968 0.5583333333333333 0.02043010752688172 0.030913978494623656
0 0.7946236559139785 0.5338709677419354 0.017025089605734768 0.0228494623655914
0 0.796594982078853 0.560752688172043 0.016129032258064516 0.025806451612903226
0 0.9664874551971326 0.3233870967741935 0.01971326164874552 0.035483870967741936
0 0.9672043010752688 0.3575268817204301 0.01989247311827957 0.025537634408602152
0 0.8948028673835126 0.4986559139784946 0.0553763440860215 0.08629032258064516
0 0.9501792114695341 0.49838709677419357 0.0492831541218638 0.08655913978494624
0 0.8121863799283154 0.5064516129032258 0.04139784946236559 0.025
0 0.8137992831541219 0.5349462365591398 0.03781362007168459 0.025
0 0.8136200716845878 0.5602150537634408 0.03763440860215054 0.025
0 0.8562724014336918 0.48413978494623655 0.03512544802867384 0.02849462365591398
0 0.8541218637992831 0.5115591397849463 0.03655913978494624 0.025537634408602152
0 0.1931899641577061 0.35295698924731184 0.021505376344086023 0.030913978494623656
0 0.8525089605734767 0.5395161290322581 0.03978494623655914 0.018548387096774192
0 0.24157706093189965 0.34919354838709676 0.02186379928315412 0.034408602150537634
0 0.853405017921147 0.5580645161290323 0.04175627240143369 0.02849462365591398
0 0.2168458781362007 0.3521505376344086 0.022939068100358423 0.031451612903225803
0 0.7367383512544803 0.7059139784946237 0.03046594982078853 0.09704301075268817
0 0.2668458781362007 0.33682795698924733 0.0 0.0
0 0.764336917562724 0.7298387096774194 0.13637992831541218 0.0728494623655914
0 0.24193548387096775 0.31209677419354837 0.023118279569892472 0.03333333333333333
0 0.9007168458781362 0.7798387096774193 0.04372759856630824 0.021236559139784946
0 0.26577060931899643 0.33682795698924733 0.022939068100358423 0.0467741935483871
0 0.9444444444444444 0.7811827956989247 0.04372759856630824 0.020967741935483872
0 0.29444444444444445 0.3395161290322581 0.02007168458781362 0.043548387096774194
0 0.5225806451612903 0.8467741935483871 0.08387096774193549 0.15295698924731183
0 0.31684587813620074 0.3389784946236559 0.023118279569892472 0.04516129032258064
0 0.6066308243727598 0.8381720430107527 0.09032258064516129 0.15833333333333333
0 0.34605734767025087 0.31370967741935485 0.02007168458781362 0.035483870967741936
0 0.7010752688172043 0.8443548387096774 0.07795698924731183 0.15053763440860216
0 0.3446236559139785 0.35053763440860214 0.021684587813620072 0.03225806451612903
0 0.7885304659498208 0.8443548387096774 0.08458781362007169 0.1478494623655914
0 0.29354838709677417 0.2911290322580645 0.04032258064516129 0.04543010752688172
0 0.8801075268817204 0.8381720430107527 0.07347670250896057 0.15618279569892474
0 0.4172043010752688 0.35295698924731184 0.022401433691756272 0.02903225806451613
0 0.46236559139784944 0.931989247311828 0.05268817204301075 0.06451612903225806
0 0.4403225806451613 0.3524193548387097 0.02186379928315412 0.03118279569892473
0 0.39982078853046593 0.9276881720430108 0.0528673835125448 0.06881720430107527
0 0.464336917562724 0.3193548387096774 0.020967741935483872 0.028763440860215053
0 0.3234767025089606 0.931989247311828 0.06111111111111111 0.06236559139784946
0 0.4881720430107527 0.31827956989247314 0.020967741935483872 0.03118279569892473
0 0.27365591397849465 0.9403225806451613 0.04982078853046595 0.05403225806451613
0 0.46487455197132616 0.35268817204301073 0.02060931899641577 0.029301075268817204
0 0.1956989247311828 0.9647849462365592 0.06612903225806452 0.032526881720430105
0 0.4862007168458781 0.35134408602150535 0.021505376344086023 0.03225806451612903
0 0.14139784946236558 0.9091397849462366 0.03530465949820789 0.09059139784946237
0 0.510752688172043 0.3150537634408602 0.02204301075268817 0.03306451612903226
0 0.08584229390681003 0.9131720430107527 0.05 0.08279569892473118
0 0.5349462365591398 0.3131720430107527 0.022222222222222223 0.03387096774193549
0 0.005913978494623656 0.910752688172043 0.03996415770609319 0.08897849462365591
0 0.5103942652329749 0.3502688172043011 0.022759856630824374 0.03198924731182796
0 0.05053763440860215 0.9056451612903226 0.03064516129032258 0.09408602150537634
0 0.5347670250896057 0.34946236559139787 0.021505376344086023 0.03575268817204301
0 0.0030465949820788533 0.38629032258064516 0.024731182795698924 0.024193548387096774
0 0.5609318996415771 0.3502688172043011 0.021684587813620072 0.03413978494623656
0 0.027598566308243727 0.3868279569892473 0.022401433691756272 0.0260752688172043
0 0.5596774193548387 0.3153225806451613 0.023118279569892472 0.032795698924731186
0 0.052329749103942655 0.3889784946236559 0.026523297491039426 0.0228494623655914
0 0.5863799283154122 0.3150537634408602 0.023476702508960574 0.032526881720430105
0 0.08082437275985663 0.3844086021505376 0.023835125448028675 0.030913978494623656
0 0.5860215053763441 0.3521505376344086 0.023835125448028675 0.029838709677419355
0 0.13154121863799284 0.3873655913978495 0.031720430107526884 0.025537634408602152
0 0.6098566308243728 0.3163978494623656 0.023476702508960574 0.030376344086021505
0 0.1632616487455197 0.3844086021505376 0.01810035842293907 0.02849462365591398
0 0.610931899641577 0.3510752688172043 0.024372759856630826 0.03413978494623656
0 0.18440860215053764 0.3895161290322581 0.02724014336917563 0.02204301075268817
0 0.635483870967742 0.31586021505376344 0.02258064516129032 0.03225806451612903
0 0.21630824372759858 0.38870967741935486 0.0 0.0
0 0.6611111111111111 0.31344086021505374 0.022939068100358423 0.03602150537634408
0 0.210752688172043 0.3860215053763441 0.027419354838709678 0.024193548387096774
0 0.6853046594982078 0.3118279569892473 0.02078853046594982 0.03306451612903226
0 0.23637992831541219 0.3849462365591398 0.03118279569892473 0.02956989247311828
0 0.7098566308243728 0.3118279569892473 0.021505376344086023 0.03387096774193549
0 0.27043010752688174 0.3860215053763441 0.024551971326164875 0.02849462365591398
0 0.635483870967742 0.35080645161290325 0.02204301075268817 0.03494623655913978
0 0.29659498207885304 0.3870967741935484 0.027777777777777776 0.028763440860215053
0 0.660752688172043 0.3486559139784946 0.02007168458781362 0.03790322580645161
0 0.33584229390681003 0.3873655913978495 0.024551971326164875 0.025537634408602152
0 0.6842293906810036 0.3502688172043011 0.022401433691756272 0.034408602150537634
0 0.37473118279569895 0.3844086021505376 0.025627240143369177 0.026881720430107527
0 0.7073476702508961 0.35268817204301073 0.02078853046594982 0.03198924731182796
0 0.4652329749103943 0.3849462365591398 0.02974910394265233 0.02956989247311828
0 0.7317204301075269 0.3155913978494624 0.025268817204301075 0.034408602150537634
0 0.5130824372759857 0.3860215053763441 0.022759856630824374 0.024193548387096774
0 0.7593189964157706 0.3155913978494624 0.02114695340501792 0.031720430107526884
0 0.5374551971326165 0.3889784946236559 0.025448028673835124 0.02258064516129032
0 0.7804659498207885 0.3163978494623656 0.0 0.0
0 0.5648745519713262 0.3881720430107527 0.022401433691756272 0.023655913978494623
0 0.782258064516129 0.31747311827956987 0.022401433691756272 0.032795698924731186
0 0.5885304659498208 0.38870967741935486 0.024014336917562724 0.022311827956989248
0 0.8051971326164875 0.31693548387096776 0.025448028673835124 0.032526881720430105
0 0.6132616487455197 0.3865591397849462 0.024372759856630826 0.02338709677419355
0 0.8329749103942652 0.31370967741935485 0.022222222222222223 0.035483870967741936
0 0.6387096774193548 0.3870967741935484 0.02258064516129032 0.023118279569892472
0 0.8551971326164874 0.31290322580645163 0.01953405017921147 0.03413978494623656
0 0.681899641577061 0.3860215053763441 0.02939068100358423 0.021236559139784946
0 0.8838709677419355 0.31451612903225806 0.025627240143369177 0.03198924731182796
0 0.7121863799283155 0.3903225806451613 0.025627240143369177 0.01827956989247312
0 0.7322580645161291 0.353494623655914 0.022401433691756272 0.029301075268817204
0 0.7372759856630824 0.3870967741935484 0.027060931899641576 0.023118279569892472
0 0.7575268817204301 0.35 0.02186379928315412 0.032795698924731186
0 0.7661290322580645 0.3860215053763441 0.02043010752688172 0.02338709677419355
0 0.17258064516129032 0.7513440860215054 0.02204301075268817 0.026344086021505377
0 0.002150537634408602 0.7545698924731182 0.03333333333333333 0.037365591397849465
0 0.002150537634408602 0.7545698924731182 0.03333333333333333 0.037365591397849465
0 0.002150537634408602 0.7293010752688172 0.035483870967741936 0.029838709677419355
0 0.9672043010752688 0.35618279569892475 0.0 0.0
0 0.04910394265232975 0.4736559139784946 0.0 0.0
0 0.8324372759856631 0.35268817204301073 0.023476702508960574 0.031720430107526884
0 0.8051971326164875 0.353494623655914 0.026702508960573478 0.03333333333333333
0 0.7815412186379929 0.35268817204301073 0.02186379928315412 0.031720430107526884
0 0.8840501792114696 0.3481182795698925 0.02186379928315412 0.035483870967741936
0 0.8575268817204301 0.3481182795698925 0.01953405017921147 0.036290322580645164
0 0.8023297491039426 0.3473118279569892 0.022401433691756272 0.032795698924731186
0 0.8051971326164875 0.31370967741935485 0.022401433691756272 0.035483870967741936
0 0.8340501792114695 0.3147849462365591 0.02060931899641577 0.034408602150537634
0 0.7885304659498208 0.38629032258064516 0.017204301075268817 0.02258064516129032
0 0.8077060931899641 0.3879032258064516 0.021684587813620072 0.021236559139784946
0 0.8299283154121864 0.3879032258064516 0.02078853046594982 0.02258064516129032
0 0.8523297491039427 0.3881720430107527 0.022759856630824374 0.02258064516129032
0 0.8754480286738351 0.3879032258064516 0.023118279569892472 0.021774193548387097
0 0.899641577060932 0.38870967741935486 0.022401433691756272 0.020698924731182795
0 0.9224014336917563 0.38844086021505375 0.024014336917562724 0.021505376344086023
0 0.946415770609319 0.38763440860215054 0.023835125448028675 0.021774193548387097
0 0.9711469534050179 0.3881720430107527 0.024193548387096774 0.02446236559139785
0 0.04265232974910394 0.5938172043010753 0.03100358422939068 0.027419354838709678
0 0.1449820788530466 0.5959677419354839 0.024193548387096774 0.020161290322580645
0 0.2625448028673835 0.5943548387096774 0.024193548387096774 0.02338709677419355
0 0.31917562724014337 0.5935483870967742 0.026344086021505377 0.02338709677419355
0 0.3951612903225806 0.5935483870967742 0.023297491039426525 0.021774193548387097
0 0.4598566308243728 0.5951612903225807 0.024910394265232973 0.021774193548387097
0 0.5440860215053763 0.5924731182795699 0.024731182795698924 0.0228494623655914
0 0.5697132616487455 0.592741935483871 0.02258064516129032 0.0228494623655914
0 0.5989247311827957 0.5932795698924731 0.023118279569892472 0.022311827956989248
0 0.6297491039426524 0.592741935483871 0.023655913978494623 0.0239247311827957
0 0.6614695340501792 0.5922043010752688 0.023297491039426525 0.02258064516129032
0 0.689426523297491 0.5922043010752688 0.024372759856630826 0.021236559139784946
0 0.714516129032258 0.5913978494623656 0.022759856630824374 0.022311827956989248
0 0.7381720430107527 0.5916666666666667 0.02186379928315412 0.0239247311827957
0 0.7611111111111111 0.5932795698924731 0.023655913978494623 0.021236559139784946
0 0.7865591397849462 0.5932795698924731 0.02186379928315412 0.021774193548387097
0 0.8207885304659498 0.5916666666666667 0.024910394265232973 0.02204301075268817
0 0.8627240143369176 0.5911290322580646 0.026344086021505377 0.022311827956989248
0 0.9125448028673835 0.5908602150537634 0.025448028673835124 0.021774193548387097
0 0.9779569892473118 0.5900537634408602 0.02186379928315412 0.02258064516129032
0 0.0007168458781362007 0.8172043010752689 0.02204301075268817 0.026344086021505377
0 0.043189964157706096 0.8198924731182796 0.027060931899641576 0.0239247311827957
0 0.08584229390681003 0.817741935483871 0.026344086021505377 0.0260752688172043
0 0.13602150537634408 0.8166666666666667 0.025089605734767026 0.0271505376344086
0 0.16272401433691755 0.8172043010752689 0.023835125448028675 0.024731182795698924
0 0.1881720430107527 0.8166666666666667 0.024551971326164875 0.025268817204301075
0 0.21469534050179212 0.817741935483871 0.025448028673835124 0.024193548387096774
0 0.2682795698924731 0.8137096774193548 0.025806451612903226 0.026881720430107527
0 0.3093189964157706 0.8169354838709677 0.024731182795698924 0.023655913978494623
0 0.3625448028673835 0.8155913978494623 0.025268817204301075 0.023655913978494623
0 0.43028673835125447 0.8131720430107527 0.025448028673835124 0.025268817204301075
0 0.5275985663082438 0.8129032258064516 0.025627240143369177 0.0228494623655914
0 0.6046594982078853 0.8104838709677419 0.024372759856630826 0.025537634408602152
0 0.671326164874552 0.8115591397849462 0.025806451612903226 0.023118279569892472
0 0.7041218637992831 0.8129032258064516 0.025985663082437275 0.022311827956989248
0 0.7383512544802867 0.8118279569892473 0.025806451612903226 0.0239247311827957
0 0.5987455197132616 0.592741935483871 0.022939068100358423 0.022311827956989248
0 0.8193548387096774 0.8110215053763441 0.026164874551971327 0.02338709677419355
0 0.5444444444444444 0.5932795698924731 0.023118279569892472 0.023118279569892472
0 0.907347670250896 0.8102150537634408 0.026702508960573478 0.0239247311827957
0 0.5684587813620071 0.5932795698924731 0.023476702508960574 0.022311827956989248
0 0.9532258064516129 0.8083333333333333 0.026164874551971327 0.02446236559139785
0 0.4243727598566308 0.5163978494623656 0.04659498207885305 0.042741935483870966
