0 0.0 0.36177248677248675 0.078125 0.05324074074074074
0 0.07837301587301587 0.36408730158730157 0.08209325396825397 0.05291005291005291
0 0.3142361111111111 0.36342592592592593 0.10267857142857142 0.167989417989418
0 0.4288194444444444 0.3654100529100529 0.10466269841269842 0.16865079365079366
0 0.5716765873015873 0.3654100529100529 0.1039186507936508 0.1693121693121693
0 0.7924107142857143 0.3680555555555556 0.10813492063492064 0.16997354497354497
0 0.9248511904761905 0.3683862433862434 0.07490079365079365 0.057539682539682536
0 0.0 0.8478835978835979 0.07589285714285714 0.05324074074074074
0 0.19642857142857142 0.8478835978835979 0.08234126984126984 0.054563492063492064
0 0.3722718253968254 0.84755291005291 0.07961309523809523 0.056216931216931214
0 0.5567956349206349 0.8488756613756614 0.07911706349206349 0.05588624338624339
0 0.7118055555555556 0.8511904761904762 0.08010912698412699 0.05588624338624339
0 0.8663194444444444 0.8544973544973545 0.08085317460317461 0.05588624338624339
0 0.42658730158730157 0.0 0.10689484126984126 0.1078042328042328
0 0.5473710317460317 0.001984126984126984 0.10615079365079365 0.10714285714285714
0 0.8283730158730159 0.000992063492063492 0.10739087301587301 0.10912698412698413
0 0.925843253968254 0.0006613756613756613 0.07390873015873016 0.10945767195767196
0 0.0 0.08333333333333333 0.031994047619047616 0.27116402116402116
0 0.02976190476190476 0.027447089947089946 0.12375992063492064 0.3290343915343915
0 0.15252976190476192 0.05423280423280423 0.020089285714285716 0.30324074074074076
0 0.17063492063492064 0.06746031746031746 0.10540674603174603 0.2896825396825397
0 0.2316468253968254 0.12665343915343916 0.0974702380952381 0.2318121693121693
0 0.33283730158730157 0.14417989417989419 0.08779761904761904 0.2152777777777778
0 0.42336309523809523 0.08895502645502645 0.09077380952380952 0.24933862433862433
0 0.513640873015873 0.05720899470899471 0.10639880952380952 0.28174603174603174
0 0.6155753968253969 0.05919312169312169 0.10863095238095238 0.28075396825396826
0 0.7162698412698413 0.10085978835978836 0.09846230158730158 0.2612433862433862
0 0.8117559523809523 0.0873015873015873 0.12996031746031747 0.2751322751322751
0 0.9375 0.10978835978835978 0.06225198412698413 0.25297619047619047
0 0.0 0.5201719576719577 0.07663690476190477 0.314484126984127
0 0.0597718253968254 0.5211640211640212 0.08705357142857142 0.31415343915343913
0 0.14384920634920634 0.48644179894179895 0.11359126984126984 0.34953703703703703
0 0.2465277777777778 0.48578042328042326 0.11532738095238096 0.3488756613756614
0 0.3492063492063492 0.5710978835978836 0.0818452380952381 0.26322751322751325
0 0.42757936507936506 0.5727513227513228 0.07886904761904762 0.2638888888888889
0 0.6770833333333334 0.7387566137566137 0.17981150793650794 0.10251322751322751
0 0.8653273809523809 0.6279761904761905 0.13442460317460317 0.21031746031746032
0 0.8298611111111112 0.5565476190476191 0.16989087301587302 0.08002645502645503
0 0.043154761904761904 0.3776455026455027 0.031994047619047616 0.028439153439153438
0 0.7963789682539683 0.5443121693121693 0.0 0.0
0 0.12450396825396826 0.3759920634920635 0.03422619047619048 0.027116402116402115
0 0.7961309523809523 0.5443121693121693 0.15004960317460317 0.06944444444444445
0 0.33382936507936506 0.43386243386243384 0.07093253968253968 0.03736772486772487
0 0.0 0.9054232804232805 0.09027777777777778 0.09424603174603174
0 0.4489087301587302 0.43386243386243384 0.07192460317460317 0.03902116402116402
0 0.0726686507936508 0.906084656084656 0.11334325396825397 0.09358465608465609
0 0.591765873015873 0.43617724867724866 0.07043650793650794 0.037698412698412696
0 0.1753472222222222 0.9054232804232805 0.1039186507936508 0.09424603174603174
0 0.8137400793650794 0.43915343915343913 0.07192460317460317 0.037698412698412696
0 0.27356150793650796 0.906084656084656 0.1029265873015873 0.09358465608465609
0 0.9747023809523809 0.38326719576719576 0.025049603174603176 0.028439153439153438
0 0.3705357142857143 0.941468253968254 0.0882936507936508 0.0582010582010582
0 0.9469246031746031 0.006944444444444444 0.05282738095238095 0.041005291005291
0 0.4573412698412698 0.941468253968254 0.08531746031746032 0.0582010582010582
0 0.8494543650793651 0.006283068783068783 0.07341269841269842 0.04034391534391534
0 0.5438988095238095 0.9447751322751323 0.08531746031746032 0.05489417989417989
0 0.5691964285714286 0.007936507936507936 0.07093253968253968 0.04034391534391534
0 0.8132440476190477 0.9110449735449735 0.12624007936507936 0.08862433862433862
0 0.44841269841269843 0.005952380952380952 0.07068452380952381 0.037698412698412696
0 0.7056051587301587 0.9093915343915344 0.1056547619047619 0.09027777777777778
0 0.9248511904761905 0.8802910052910053 0.021577380952380952 0.026455026455026454
0 0.6267361111111112 0.9328703703703703 0.09672619047619048 0.0667989417989418
0 0.7720734126984127 0.8776455026455027 0.01984126984126984 0.025793650793650792
0 0.5451388888888888 0.9166666666666666 0.08234126984126984 0.04034391534391534
0 0.6039186507936508 0.873015873015873 0.03149801587301587 0.027116402116402115
0 0.46552579365079366 0.9169973544973545 0.07837301587301587 0.03141534391534392
0 0.419890873015873 0.8733465608465608 0.031994047619047616 0.025793650793650792
0 0.621031746031746 0.908068783068783 0.08854166666666667 0.02447089947089947
0 0.24627976190476192 0.8558201058201058 0.032242063492063495 0.027777777777777776
0 0.3931051587301587 0.9057539682539683 0.0726686507936508 0.03869047619047619
0 0.053075396825396824 0.855489417989418 0.022321428571428572 0.027116402116402115
