0 0.0 0.1872620283835237 0.040853031860226104 0.027345102111457253
0 0.158016443987667 0.18933887158186224 0.04316546762589928 0.028383523710626513
0 0.26284686536485097 0.19072343371408793 0.0434224049331963 0.03046036690896504
0 0.3725590955806783 0.19487712011076497 0.04239465570400822 0.027691242644513673
0 0.4483556012332991 0.19314641744548286 0.05549845837615622 0.09172724125995153
0 0.512589928057554 0.19453097957770854 0.05472764645426516 0.0927656628591208
0 0.5691161356628982 0.19833852544132918 0.0421377183967112 0.027691242644513673
0 0.6600719424460432 0.19730010384215993 0.05601233299075026 0.08895811699550017
0 0.7155704008221994 0.19591554170993422 0.052415210688591986 0.09345794392523364
0 0.7751798561151079 0.20041536863966772 0.041109969167523124 0.029421945309795777
0 0.8257965056526207 0.20145379023883697 0.04316546762589928 0.03046036690896504
0 0.9427029804727647 0.20456905503634476 0.04239465570400822 0.028383523710626513
0 0.0 0.4164070612668744 0.025950668036998973 0.029075804776739357
0 0.08992805755395683 0.4184839044652129 0.04290853031860226 0.029075804776739357
0 0.17446043165467626 0.42021460713049497 0.04393627954779034 0.029075804776739357
0 0.2183967112024666 0.4205607476635514 0.04290853031860226 0.029075804776739357
0 0.2618191161356629 0.4219453097957771 0.04367934224049332 0.02699896157840083
0 0.38720452209660844 0.4215991692627207 0.0552415210688592 0.09068881966078228
0 0.4486125385405961 0.42229145032883353 0.05472764645426516 0.09207338179300796
0 0.5238951695786228 0.4240221529941156 0.05498458376156218 0.09034267912772585
0 0.6402877697841727 0.4257528556593977 0.05704008221993834 0.09138110072689512
0 0.7109455292908531 0.4271374177916234 0.04367934224049332 0.03080650744202146
0 0.7977903391572456 0.4302526825891312 0.04290853031860226 0.028383523710626513
0 0.8478931140801644 0.43129110418830047 0.04162384378211716 0.027691242644513673
0 0.9108427543679343 0.43198338525441327 0.04188078108941418 0.027345102111457253
0 0.9524665981500514 0.433367947386639 0.04316546762589928 0.028037383177570093
0 0.0 0.6777431637244722 0.03931140801644399 0.028383523710626513
0 0.10097636176772867 0.6794738663897543 0.04316546762589928 0.028383523710626513
0 0.2158273381294964 0.6818968501211492 0.04316546762589928 0.027345102111457253
0 0.3234840698869476 0.6818968501211492 0.044193216855087356 0.029075804776739357
0 0.4182939362795478 0.682589131187262 0.04162384378211716 0.028729664243682937
0 0.5159301130524152 0.6832814122533749 0.041109969167523124 0.029075804776739357
0 0.5984069886947585 0.6846659743856005 0.04136690647482014 0.029075804776739357
0 0.6801130524152107 0.6860505365178262 0.04136690647482014 0.029421945309795777
0 0.7864850976361768 0.6877812391831083 0.040596094552929084 0.027345102111457253
0 0.8327338129496403 0.6881273797161648 0.040339157245632064 0.02699896157840083
0 0.9180369989722508 0.6888196607822776 0.040082219938335044 0.02630668051228799
0 0.0 0.897196261682243 0.03751284686536485 0.027691242644513673
0 0.052158273381294966 0.8978885427483558 0.04265159301130524 0.029421945309795777
0 0.10611510791366907 0.8989269643475251 0.04316546762589928 0.027345102111457253
0 0.15621788283658788 0.8999653859466944 0.04290853031860226 0.02630668051228799
0 0.21505652620760535 0.9006576670128073 0.04188078108941418 0.02699896157840083
0 0.2422918807810894 0.8978885427483558 0.07219938335046248 0.07303565247490482
0 0.3034429599177801 0.8989269643475251 0.065775950668037 0.07268951194184839
0 0.3738437821171634 0.9016960886119765 0.040596094552929084 0.028037383177570093
0 0.41495375128468653 0.90134994807892 0.040082219938335044 0.027345102111457253
0 0.460688591983556 0.9023883696780893 0.040596094552929084 0.02699896157840083
0 0.5213257965056526 0.9027345102111457 0.040853031860226104 0.028383523710626513
0 0.7047790339157246 0.9027345102111457 0.040853031860226104 0.030114226375908618
0 0.7787769784172662 0.8999653859466944 0.040853031860226104 0.030114226375908618
0 0.8435251798561151 0.9010038075458636 0.039568345323741004 0.02665282104534441
0 0.9033915724563206 0.9016960886119765 0.040596094552929084 0.02596053997923157
0 0.0 0.0 0.04136690647482014 0.18276220145379024
0 0.03879753340184995 0.00034614053305642093 0.05832476875642343 0.18345448251990307
0 0.09583761562178829 0.00034614053305642093 0.05447070914696814 0.18518518518518517
0 0.15056526207605345 0.0 0.06911613566289826 0.18622360678435446
0 0.26233299075025696 0.03426791277258567 0.052672147995889006 0.1536863966770509
0 0.3198869475847893 0.04119072343371409 0.050616649537512846 0.14780200761509174
0 0.7297019527235354 0.08515057113187954 0.05858170606372045 0.1124956732433368
0 0.8052415210688592 0.07268951194184839 0.05935251798561151 0.12668743509865005
0 0.9134121274409044 0.07165109034267912 0.06269270298047276 0.12841813776393216
0 0.0 0.26791277258566976 0.0421377183967112 0.14468674281758395
0 0.039568345323741004 0.26895119418483904 0.0421377183967112 0.14434060228452752
0 0.07810894141829394 0.23468328141225336 0.05549845837615622 0.17964693665628245
0 0.13206577595066804 0.23572170301142265 0.07168550873586844 0.1806853582554517
0 0.18987667009249742 0.27102803738317754 0.047276464542651594 0.1457251644167532
0 0.236896197327852 0.2416060920733818 0.06474820143884892 0.17618553132571824
0 0.3108941418293936 0.2630668051228799 0.05421377183967112 0.155417099342333
0 0.3437821171634121 0.2956040152301835 0.051644398766700926 0.12391831083419869
0 0.3972250770811922 0.30494980962270685 0.045220966084275435 0.11457251644167532
0 0.4465570400822199 0.2748355832467982 0.047790339157245634 0.13326410522672205
0 0.4933196300102775 0.25960539979231567 0.0565262076053443 0.14953271028037382
0 0.5462487153134635 0.2616822429906542 0.05806783144912641 0.14641744548286603
0 0.5999486125385406 0.2848736587054344 0.052415210688591986 0.13845621322256838
0 0.6500513874614594 0.27691242644513675 0.06963001027749229 0.1457251644167532
0 0.7168550873586845 0.27137417791623397 0.06372045220966084 0.1505711318795431
0 0.7679856115107914 0.2537210107303565 0.06089414182939363 0.17099342332987194
0 0.8257965056526207 0.29906542056074764 0.04881808838643371 0.12634129456559362
0 0.8717882836587872 0.31221876081689165 0.044964028776978415 0.1142263759086189
0 0.9139260020554985 0.2796815507095881 0.05421377183967112 0.14780200761509174
0 0.9663412127440905 0.28002769124264454 0.03340184994861254 0.14780200761509174
0 0.999743062692703 0.19556940117687782 0.0 0.0
0 0.011305241521068859 0.5714780200761509 0.10483042137718397 0.09484250605745932
0 0.11408016443987667 0.570785739010038 0.09249743062692703 0.09553478712357218
0 0.2065775950668037 0.5050190377293181 0.05447070914696814 0.16926272066458983
0 0.2512846865364851 0.5050190377293181 0.046248715313463515 0.17099342332987194
0 0.2959917780061665 0.4863274489442714 0.05883864337101747 0.1886465905157494
0 0.35046248715313466 0.4866735894773278 0.06115107913669065 0.18795430944963656
0 0.40493319630010277 0.5340948425060574 0.04393627954779034 0.14122533748701974
0 0.44681397738951695 0.5344409830391139 0.04188078108941418 0.13984077535479406
0 0.579136690647482 0.6230529595015576 0.09506680369989723 0.056074766355140186
0 0.6783144912641316 0.5638629283489096 0.08812949640287769 0.115957078573901
0 0.659044193216855 0.5254413291796469 0.10817060637204522 0.04292142609899619
0 0.763874614594039 0.5745932848736587 0.05344295991778006 0.10730356524749048
0 0.815775950668037 0.6143994461751471 0.09378211716341213 0.0695742471443406
0 0.8715313463514902 0.6057459328487366 0.08915724563206577 0.04915195569401177
0 0.9087872559095581 0.652128764278297 0.052672147995889006 0.032191069574247146
0 0.9257451181911613 0.4953271028037383 0.07399794450154162 0.18691588785046728
0 0.0 0.7092419522326064 0.0632065775950668 0.17964693665628245
0 0.048047276464542654 0.7099342332987193 0.06731757451181912 0.1820699203876774
0 0.10637204522096609 0.7106265143648322 0.05755395683453238 0.1754932502596054
0 0.1487667009249743 0.7137417791623399 0.06474820143884892 0.1855313257182416
0 0.20477903391572455 0.7127033575631706 0.05986639260020555 0.18310834198684667
0 0.25770811921891057 0.7137417791623399 0.05960945529290853 0.1838006230529595
0 0.3114080164439877 0.7144340602284528 0.05729701952723536 0.17964693665628245
0 0.36330935251798563 0.7137417791623399 0.05549845837615622 0.1786085150571132
0 0.37435765673175747 0.04811353409484251 0.050616649537512846 0.13499480789200416
0 0.4244604316546763 0.033575631706472826 0.05575539568345324 0.15507095880927657
0 0.47918807810894143 0.03911388023537556 0.05549845837615622 0.1523018345448252
0 0.8972250770811921 0.49428868120456904 0.08324768756423433 0.11803392177223954
0 0.5485611510791367 0.0512287988923503 0.04984583761562179 0.1374177916233991
0 0.5976361767728674 0.032883350640359986 0.0578108941418294 0.155417099342333
0 0.6549331963001028 0.033921772239529246 0.0565262076053443 0.15437867774316372
0 0.788540596094553 0.0993423329871928 0.018242548818088386 0.09726548978885427
0 0.8612538540596094 0.09622706818968502 0.03365878725590956 0.10211145725164417
0 0.8936279547790339 0.09553478712357218 0.023124357656731757 0.10314987885081343
0 0.9722507708119219 0.07234337140879198 0.02749229188078109 0.12841813776393216
0 0.8985097636176773 0.7892004153686397 0.09429599177800617 0.09899619245413638
0 0.8175745118191161 0.7210107303565247 0.08376156217882837 0.1758393907926618
0 0.7556526207605344 0.7199723087573555 0.08196300102774923 0.1768778123918311
0 0.7163412127440905 0.7521633783316026 0.05626927029804728 0.14330218068535824
0 0.41521068859198357 0.7313949463482173 0.048304213771839674 0.16510903426791276
0 0.4617163412127441 0.732779508480443 0.045991778006166495 0.16441675320179994
0 0.5071942446043165 0.7334717895465559 0.046505652620760535 0.16476289373485636
0 0.5516443987667009 0.7255105572862582 0.051644398766700926 0.1606092073381793
0 0.5948098663926003 0.7158186223606784 0.05447070914696814 0.14780200761509174
0 0.6490236382322713 0.7161647628937349 0.0683453237410072 0.17791623399100034
0 0.015416238437821172 0.9328487365870544 0.05344295991778006 0.06680512287988924
0 0.06423432682425488 0.9307718933887158 0.052415210688591986 0.06888196607822776
0 0.11125385405960946 0.9314641744548287 0.048561151079136694 0.06818968501211492
0 0.15827338129496402 0.9321564555209415 0.03699897225077081 0.06749740394600208
0 0.19450154162384378 0.9307718933887158 0.0552415210688592 0.06922810661128419
0 0.24820143884892087 0.9311180339217723 0.05549845837615622 0.06853582554517133
0 0.3034429599177801 0.9321564555209415 0.05678314491264132 0.06749740394600208
0 0.3607399794450154 0.9328487365870544 0.052158273381294966 0.06680512287988924
0 0.41109969167523125 0.9456559363101419 0.044964028776978415 0.05399792315680166
0 0.45580678314491263 0.940809968847352 0.044193216855087356 0.058843890619591555
0 0.513360739979445 0.9380408445829007 0.047019527235354575 0.06161301488404292
0 0.5616649537512847 0.9338871581862236 0.05986639260020555 0.06576670128071997
0 0.619218910585817 0.9335410176531672 0.06372045220966084 0.0661128418137764
0 0.6824254881808839 0.9494634821737625 0.020041109969167522 0.05053651782623745
0 0.6963001027749229 0.9342332987192801 0.02697841726618705 0.06542056074766354
0 0.710688591983556 0.9518864659051575 0.031089414182939364 0.04776739356178609
0 0.7232785200411099 0.9487712011076497 0.07939362795477903 0.05088265835929388
0 0.8013874614594039 0.9643475250951886 0.07476875642343268 0.035306334371754934
0 0.7864850976361768 0.9373485635167879 0.06911613566289826 0.055728625822083766
0 0.8671634121274409 0.971270335756317 0.07862281603288798 0.028383523710626513
0 0.9229188078108942 0.9525787469712703 0.05960945529290853 0.04707511249567324
0 0.9010791366906474 0.9325025960539979 0.053186022610483046 0.03911388023537556
0 0.959917780061665 0.9325025960539979 0.039825282631038024 0.06715126341294565
0 0.21942446043165467 0.05676704742125303 0.025950668036998973 0.12980269989615784
0 0.24511819116135664 0.08030460366908965 0.01695786228160329 0.10626514364832122
