0 0.0 0.22191564840362632 0.0746464117338921 0.057942451714623575
0 0.11864850707176532 0.18092234923137565 0.11917234154007333 0.053212455656286954
0 0.08302776322682033 0.232163973196689 0.13672079622839184 0.04532912889239259
0 0.0 0.27867560110366574 0.06862231534834992 0.06346078044934962
0 0.07988475641697224 0.2865589278675601 0.1354112100576218 0.05675995270003942
0 0.0 0.34134804887662595 0.05814562598218963 0.057942451714623575
0 0.07621791513881614 0.34568387859676786 0.13514929282346777 0.05597162002364998
0 0.000785751702462022 0.3969255025620812 0.05735987427972761 0.06148994875837603
0 0.001571503404924044 0.45959795033504136 0.05735987427972761 0.06227828143476547
0 0.08067050811943426 0.4024438312968073 0.13907805133577789 0.06148994875837603
0 0.07543216343635412 0.4706346078044935 0.13907805133577789 0.05005912495072921
0 0.2325825039287585 0.2230981474182105 0.13750654793085385 0.0520299566417028
0 0.22655840754321635 0.2751281040599133 0.142744892613934 0.06030744974379188
0 0.22577265584075432 0.3401655498620418 0.14195914091147196 0.06030744974379188
0 0.2249869041382923 0.4036263303113914 0.14117338920900996 0.059124950729207724
0 0.2213200628601362 0.46984627512810406 0.143530644316396 0.05084745762711865
0 0.37375589313776847 0.23334647221127316 0.12624410686223153 0.04572329523058731
0 0.3745416448402305 0.2822230981474182 0.142744892613934 0.06227828143476547
0 0.3745416448402305 0.3492313756405203 0.14117338920900996 0.05557745368545526
0 0.3721843897328444 0.40717382735514385 0.142221058145626 0.059124950729207724
0 0.3677317967522263 0.46393378005518326 0.14745940282870612 0.06148994875837603
0 0.5044525929806182 0.2388648009459992 0.1322682032477737 0.04572329523058731
0 0.5196437925615506 0.29010642491131255 0.13436354112100576 0.05557745368545526
0 0.5196437925615506 0.346866377611352 0.14195914091147196 0.05675995270003942
0 0.5212152959664746 0.41072132439889636 0.143268727082242 0.05675995270003942
0 0.5172865374541645 0.4729996058336618 0.14431639601885804 0.04887662593614505
0 0.6487689889994762 0.25739061884115094 0.13776846516500785 0.04178163184864012
0 0.6629125196437926 0.3078439101300749 0.13672079622839184 0.05400078833267639
0 0.6644840230487166 0.36499802916830903 0.12729177579884757 0.05478912100906583
0 0.6663174436877947 0.4233346472211273 0.13279203771608172 0.0476941269215609
0 0.6650078575170246 0.4718171068190776 0.14195914091147196 0.06148994875837603
0 0.7904662126767942 0.2798581001182499 0.10214772132006286 0.03310997240835633
0 0.8040859088528025 0.3165155695703587 0.11812467260345731 0.048482459597950334
0 0.7972760607647983 0.37366968860859284 0.12650602409638553 0.043358297201419
0 0.8019905709795705 0.42727631060307447 0.13488737558931377 0.047299960583366184
0 0.8093242535358827 0.4777296018919984 0.14169722367731796 0.0520299566417028
0 0.9384494499738083 0.3066614111154907 0.061288632792037716 0.05873078439101301
0 0.9253535882661079 0.3673630271974773 0.07412257726558408 0.055183287347260544
0 0.9332111052907281 0.42175798186834845 0.06626506024096386 0.057154119038234134
0 0.9494499738082766 0.4793062672447773 0.05028810895756941 0.055183287347260544
0 0.10319539025667888 0.5616870319274734 0.15191199580932424 0.055183287347260544
0 0.000785751702462022 0.6109578242018132 0.09114719748559455 0.047299960583366184
0 0.09743321110529073 0.6176586519511233 0.15295966474594028 0.05084745762711865
0 0.26244106862231537 0.6141111549073709 0.1498166579360922 0.059124950729207724
0 0.0 0.6689002759164367 0.08355159769512834 0.07016160819865984
0 0.0 0.7433977138352384 0.07962283918281823 0.057942451714623575
0 0.0 0.8048876625936146 0.07962283918281823 0.057154119038234134
0 0.0 0.8612534489554592 0.07936092194866422 0.0607016160819866
0 0.08590885280251441 0.6724477729601892 0.17024620220010478 0.06621994481671266
0 0.08433734939759036 0.742609381158849 0.1686746987951807 0.05951911706740244
0 0.08328968046097433 0.8044934962554198 0.16684127815610267 0.05754828537642885
0 0.08276584599266631 0.8636184469846275 0.16631744368779466 0.05597162002364998
0 0.26610790990047145 0.6787544343713047 0.15557883708748035 0.04887662593614505
0 0.2613933996856993 0.7323610563657864 0.16553169198533263 0.0674024438312968
0 0.2603457307490833 0.8037051635790303 0.16710319539025667 0.0607016160819866
0 0.2566788894709272 0.8659834450137959 0.1636982713462546 0.05675995270003942
0 0.4321634363541121 0.5687820260149783 0.13514929282346777 0.06700827749310209
0 0.42928234677841803 0.6409144659046118 0.13672079622839184 0.043358297201419
0 0.4311157674174961 0.6874260938115885 0.13750654793085385 0.059913283405597165
0 0.43321110529072815 0.7473393772171857 0.1393399685699319 0.05163579030350808
0 0.4319015191199581 0.8029168309026409 0.13462545835515977 0.0520299566417028
0 0.43321110529072815 0.8588884509262908 0.13724463069669984 0.06937327552227039
0 0.5704557359874279 0.5715411903823413 0.11891042430591933 0.05084745762711865
0 0.57124148768989 0.6231769806858495 0.12152959664745941 0.04454079621600315
0 0.57124148768989 0.6728419392983839 0.12781561026715557 0.06306661411115491
0 0.5746464117338921 0.7441860465116279 0.12572027239392353 0.046511627906976744
0 0.5754321634363541 0.7970043358297202 0.143530644316396 0.061884115096570755
0 0.5746464117338921 0.8651951123374064 0.13724463069669984 0.047299960583366184
0 0.7181770560502881 0.579030350808041 0.13253012048192772 0.050453291288923924
0 0.6995809324253536 0.6302719747733544 0.13357778941854373 0.05360662199448167
0 0.7032477737035097 0.6913677571935357 0.12807752750130957 0.04887662593614505
0 0.7019381875327396 0.7449743791880173 0.12807752750130957 0.04493496255419787
0 0.7187008905185961 0.7966101694915254 0.12022001047668937 0.04966495861253449
0 0.7176532215819801 0.8486401261332283 0.11498166579360922 0.051241623965313364
0 0.8394447354635935 0.6164761529365392 0.10633839706652698 0.04611746156878203
0 0.8389209009952855 0.6752069373275522 0.1356731272917758 0.059913283405597165
0 0.8394447354635935 0.7402443831296808 0.13698271346254584 0.0476941269215609
0 0.8428496595075956 0.7950335041387465 0.12781561026715557 0.05281828931809224
0 0.8373493975903614 0.8517934568387859 0.15557883708748035 0.06779661016949153
0 0.9683080146673652 0.573512022073315 0.03143006809848088 0.04178163184864012
0 0.963593504452593 0.6121403232163973 0.03247773703509691 0.04966495861253449
0 0.9800942902042954 0.6704769412692156 0.01964379256155055 0.06227828143476547
0 0.9785227867993714 0.7386677177769019 0.021215295966474593 0.048482459597950334
0 0.9761655316919853 0.7918801734331888 0.023310633839706652 0.05557745368545526
0 0.9861183865898376 0.8529759558533702 0.013357778941854375 0.03310997240835633
0 0.6867469879518072 0.5360662199448167 0.044264012572027236 0.028774142688214426
0 0.9866422210581456 0.5396137169885692 0.013357778941854375 0.02837997635001971
0 0.465165007857517 0.9333858888450927 0.04112100576217915 0.028774142688214426
0 0.5125720272393923 0.9325975561687032 0.04321634363541121 0.0303508080409933
0 0.7456783656364588 0.9322033898305084 0.044264012572027236 0.03310997240835633
0 0.9198533263488737 0.9341742215214821 0.044264012572027236 0.031533307055577456
0 0.143530644316396 0.9349625541978716 0.045049764274489264 0.029168309026409146
0 0.0041906757464641176 0.6137169885691762 0.021477213200628602 0.04296413086322428
0 0.028287061288632794 0.6137169885691762 0.022786799371398637 0.03862830114308238
0 0.05500261917234154 0.6168703192747339 0.017286537454164485 0.04099329917225069
0 0.07909900471451022 0.6180528182893181 0.012572027239392353 0.03626330311391407
0 0.09612362493452069 0.6216003153330706 0.019381875327396544 0.039416633819471816
0 0.12152959664745941 0.6219944816712653 0.022786799371398637 0.04572329523058731
0 0.1464117338920901 0.6216003153330706 0.02462022001047669 0.04611746156878203
0 0.17338920900995286 0.6219944816712653 0.026191723415400735 0.039416633819471816
0 0.2008905185961236 0.6200236499802917 0.02357255107386066 0.04690579424517146
0 0.2278679937139864 0.6192353173039022 0.023048716605552647 0.04493496255419787
0 0.1039811419591409 0.5628695309420575 0.020429544264012573 0.047299960583366184
0 0.1288632792037716 0.5628695309420575 0.024096385542168676 0.05597162002364998
0 0.1571503404924044 0.5664170279858101 0.023048716605552647 0.04296413086322428
0 0.1825563122053431 0.5668111943240047 0.021739130434782608 0.046511627906976744
0 0.2074384494499738 0.5699645250295625 0.022524882137244632 0.0390224674812771
0 0.23310633839706651 0.5668111943240047 0.022524882137244632 0.03981080015766653
0 0.0013095861707700367 0.6830902640914466 0.01859612362493452 0.0520299566417028
0 0.022262964903090623 0.6771777690185258 0.02462022001047669 0.05833661805281829
0 0.04924044002095338 0.6771777690185258 0.029334730225248823 0.05360662199448167
0 0.08643268727082241 0.6787544343713047 0.024096385542168676 0.05754828537642885
0 0.11288632792037716 0.6771777690185258 0.02540597171293871 0.059124950729207724
0 0.1393399685699319 0.6759952700039417 0.02671555788370875 0.0607016160819866
0 0.16946045049764275 0.6799369333858889 0.023310633839706652 0.05873078439101301
0 0.1966998428496595 0.6759952700039417 0.02540597171293871 0.05597162002364998
0 0.2249869041382923 0.6779661016949152 0.02671555788370875 0.05873078439101301
0 0.0 0.7457627118644068 0.018334206390780514 0.052424122979897514
0 0.021477213200628602 0.7469452108789909 0.02540597171293871 0.05400078833267639
0 0.04924044002095338 0.7481277098935751 0.02776322682032478 0.051241623965313364
0 0.08590885280251441 0.7461568782026015 0.022786799371398637 0.05360662199448167
0 0.11131482451545312 0.7469452108789909 0.025929806181246726 0.053212455656286954
0 0.13960188580408592 0.7449743791880173 0.02645364064955474 0.053212455656286954
0 0.16893661602933474 0.7410327158060701 0.025144054478784705 0.059124950729207724
0 0.19512833944473545 0.742609381158849 0.02566788894709272 0.053212455656286954
0 0.22446306966998428 0.7433977138352384 0.027239392352016764 0.053212455656286954
0 0.0 0.8068584942845881 0.01885804085908853 0.051241623965313364
0 0.020953378732320588 0.8056759952700039 0.025144054478784705 0.052424122979897514
0 0.04819277108433735 0.808435159637367 0.028287061288632794 0.051241623965313364
0 0.08433734939759036 0.8064643279463933 0.02750130958617077 0.053212455656286954
0 0.11236249345206914 0.8040993299172251 0.024096385542168676 0.05557745368545526
0 0.13829229963331588 0.8044934962554198 0.026977475117862755 0.05597162002364998
0 0.1678889470927187 0.8068584942845881 0.02645364064955474 0.05163579030350808
0 0.19486642221058145 0.8037051635790303 0.02671555788370875 0.05478912100906583
0 0.22367731796752227 0.8076468269609776 0.02357255107386066 0.052424122979897514
0 0.0 0.8636184469846275 0.017286537454164485 0.05754828537642885
0 0.020953378732320588 0.8683484430429641 0.022786799371398637 0.05439495467087111
0 0.047407019381875325 0.8675601103665747 0.02462022001047669 0.051241623965313364
0 0.08459926663174437 0.8667717776901852 0.020429544264012573 0.04887662593614505
0 0.1107909900471451 0.8707134410721324 0.02540597171293871 0.046511627906976744
0 0.13960188580408592 0.8707134410721324 0.02435830277632268 0.04808829325975562
0 0.16657936092194867 0.8691367757193535 0.024096385542168676 0.047299960583366184
0 0.19434258774227345 0.8683484430429641 0.02540597171293871 0.050453291288923924
0 0.22210581456259823 0.8722901064249113 0.025929806181246726 0.04887662593614505
0 0.2634887375589314 0.6204178163184864 0.01650078575170246 0.04808829325975562
0 0.28418019905709796 0.6200236499802917 0.01990570979570456 0.048482459597950334
0 0.30827658459926666 0.6192353173039022 0.02645364064955474 0.053212455656286954
0 0.26506024096385544 0.6787544343713047 0.024096385542168676 0.046511627906976744
0 0.29413305395495026 0.6779661016949152 0.020429544264012573 0.04690579424517146
0 0.3182294394971189 0.6787544343713047 0.024882137244630696 0.0476941269215609
0 0.33656364588789944 0.6192353173039022 0.020953378732320588 0.052424122979897514
0 0.3619696176008381 0.6180528182893181 0.020953378732320588 0.05163579030350808
0 0.38947092718700893 0.6196294836420969 0.02069146149816658 0.04808829325975562
0 0.3467784180199057 0.6803310997240836 0.022001047668936617 0.04454079621600315
0 0.3716605552645364 0.6799369333858889 0.023048716605552647 0.04256996452502956
0 0.3973284442116291 0.6823019314150571 0.021477213200628602 0.04296413086322428
0 0.2663698271346255 0.7347260543949546 0.021215295966474593 0.06148994875837603
0 0.2896804609743321 0.7378793851005124 0.02750130958617077 0.06030744974379188
0 0.3192771084337349 0.7386677177769019 0.022262964903090623 0.05754828537642885
0 0.3425877422734416 0.739850216791486 0.025929806181246726 0.05873078439101301
0 0.37270822420115246 0.7414268821442649 0.02462022001047669 0.05478912100906583
0 0.4002095337873232 0.739850216791486 0.02462022001047669 0.05439495467087111
0 0.26244106862231537 0.8080409932991722 0.02435830277632268 0.05163579030350808
0 0.2909900471451021 0.8076468269609776 0.023310633839706652 0.05675995270003942
0 0.3166579360921949 0.808435159637367 0.025144054478784705 0.05478912100906583
0 0.3449449973808277 0.8076468269609776 0.024096385542168676 0.05439495467087111
0 0.37270822420115246 0.8044934962554198 0.02357255107386066 0.057154119038234134
0 0.39811419591409114 0.8052818289318092 0.02566788894709272 0.05439495467087111
0 0.26008381351492926 0.8695309420575483 0.021215295966474593 0.05084745762711865
0 0.284442116291252 0.8707134410721324 0.020429544264012573 0.04808829325975562
0 0.31194342587742274 0.8707134410721324 0.024096385542168676 0.04887662593614505
0 0.33708748035620745 0.8711076074103271 0.025144054478784705 0.05005912495072921
0 0.36616029334730227 0.872684272763106 0.022786799371398637 0.04690579424517146
0 0.39470927187008903 0.872684272763106 0.02462022001047669 0.0476941269215609
