0 0.9741007194244604 0.02986857825567503 0.02553956834532374 0.15507765830346476
0 0.9424460431654677 0.02054958183990442 0.02553956834532374 0.16272401433691755
0 0.8737410071942446 0.047311827956989246 0.0737410071942446 0.13524492234169652
0 0.793884892086331 0.04970131421744325 0.0737410071942446 0.13285543608124253
0 0.7169064748201439 0.014575866188769415 0.07122302158273382 0.16296296296296298
0 0.6406474820143885 0.00908004778972521 0.07733812949640288 0.16989247311827957
0 0.5611510791366906 0.005973715651135006 0.06330935251798561 0.16845878136200718
0 0.48776978417266187 0.007407407407407408 0.07014388489208633 0.16535244922341696
0 0.41294964028776976 0.006690561529271207 0.05503597122302158 0.16702508960573476
0 0.3345323741007194 0.0052568697729988055 0.06906474820143885 0.17060931899641577
0 0.2633093525179856 0.006690561529271207 0.05971223021582734 0.16535244922341696
0 0.20179856115107914 0.0035842293906810036 0.053237410071942444 0.16869772998805257
0 0.11402877697841726 0.0007168458781362007 0.0776978417266187 0.17252090800477898
0 0.022661870503597123 0.0007168458781362007 0.07697841726618705 0.16965352449223417
0 0.0014388489208633094 0.003106332138590203 0.015467625899280576 0.16487455197132617
0 0.1485611510791367 0.031541218637992835 0.030575539568345324 0.011708482676224612
0 0.24424460431654677 0.07216248506571087 0.00935251798561151 0.011469534050179211
0 0.2629496402877698 0.06403823178016727 0.007194244604316547 0.01027479091995221
0 0.36726618705035974 0.06618876941457587 0.02410071942446043 0.01027479091995221
0 0.42553956834532375 0.06786140979689367 0.02805755395683453 0.008602150537634409
0 0.512589928057554 0.06642771804062127 0.026258992805755395 0.00908004778972521
0 0.5780575539568346 0.08315412186379928 0.02446043165467626 0.013142174432497013
0 0.7262589928057553 0.07837514934289128 0.02410071942446043 0.007407407407407408
0 0.0341726618705036 0.3010752688172043 0.02194244604316547 0.008363201911589008
0 0.12985611510791367 0.2893667861409797 0.021223021582733814 0.011469534050179211
0 0.20575539568345325 0.2943847072879331 0.02014388489208633 0.01099163679808841
0 0.2971223021582734 0.2955794504181601 0.029496402877697843 0.010752688172043012
0 0.381294964028777 0.2936678614097969 0.02805755395683453 0.010752688172043012
0 0.4446043165467626 0.2900836320191159 0.02697841726618705 0.014097968936678614
0 0.5356115107913669 0.2972520908004779 0.030215827338129497 0.013620071684587814
0 0.6010791366906475 0.3010752688172043 0.03237410071942446 0.012425328554360812
0 0.6543165467625899 0.30848267622461173 0.02697841726618705 0.015770609318996417
0 0.733453237410072 0.3072879330943847 0.025899280575539568 0.013142174432497013
0 0.8298561151079137 0.3146953405017921 0.02985611510791367 0.015770609318996417
0 0.910431654676259 0.3130227001194743 0.026258992805755395 0.018399044205495818
0 0.9928057553956835 0.31851851851851853 0.006834532374100719 0.012425328554360812
0 0.6122302158273382 0.37825567502986857 0.09244604316546763 0.04707287933094385
0 0.7816546762589928 0.6377538829151732 0.09676258992805756 0.048506571087216246
0 0.5845323741007195 0.5376344086021505 0.02553956834532374 0.007885304659498209
0 0.46870503597122304 0.5297491039426523 0.027697841726618704 0.00979689366786141
0 0.3737410071942446 0.527120669056153 0.022302158273381296 0.00931899641577061
0 0.3025179856115108 0.5357228195937873 0.020863309352517987 0.009557945041816009
0 0.19136690647482013 0.5390681003584229 0.02697841726618705 0.008363201911589008
0 0.05611510791366906 0.5285543608124254 0.011510791366906475 0.00979689366786141
0 0.030215827338129497 0.5266427718040622 0.019064748201438848 0.011469534050179211
0 0.030575539568345324 0.8160095579450418 0.02985611510791367 0.012664277180406212
0 0.10071942446043165 0.7816009557945042 0.022661870503597123 0.01863799283154122
0 0.2251798561151079 0.7983273596176822 0.03237410071942446 0.016248506571087215
0 0.2787769784172662 0.7956989247311828 0.02553956834532374 0.015053763440860216
0 0.37805755395683455 0.8026284348864994 0.025899280575539568 0.012425328554360812
0 0.46474820143884893 0.7933094384707288 0.024820143884892086 0.010513739545997611
0 0.564388489208633 0.8164874551971326 0.019064748201438848 0.011230585424133811
0 0.5482014388489208 0.8086021505376344 0.007194244604316547 0.011469534050179211
0 0.624820143884892 0.7703703703703704 0.011151079136690648 0.008363201911589008
0 0.6348920863309353 0.7787335722819594 0.02050359712230216 0.011230585424133811
0 0.7320143884892086 0.7816009557945042 0.02697841726618705 0.00979689366786141
0 0.7787769784172662 0.768936678614098 0.017985611510791366 0.01027479091995221
0 0.7892086330935252 0.779689366786141 0.004676258992805755 0.012186379928315413
0 0.8546762589928057 0.7849462365591398 0.016546762589928057 0.015770609318996417
0 0.979136690647482 0.7966547192353644 0.013669064748201438 0.012903225806451613
0 0.0 0.23870967741935484 0.02014388489208633 0.16129032258064516
0 0.034892086330935254 0.22986857825567503 0.06438848920863309 0.17419354838709677
0 0.10611510791366907 0.22819593787335724 0.07517985611510791 0.17753882915173239
0 0.18381294964028777 0.22962962962962963 0.07841726618705036 0.17514934289127837
0 0.26762589928057556 0.23034647550776582 0.06798561151079137 0.17491039426523297
0 0.3420863309352518 0.22819593787335724 0.07194244604316546 0.17921146953405018
0 0.4172661870503597 0.22915173237753883 0.07589928057553957 0.18016726403823177
0 0.49532374100719423 0.22747909199522104 0.07913669064748201 0.1825567502986858
0 0.5762589928057554 0.22652329749103942 0.07410071942446043 0.15149342891278375
0 0.64568345323741 0.23178016726403824 0.05827338129496403 0.14528076463560335
0 0.7053956834532374 0.23225806451612904 0.07841726618705036 0.17777777777777778
0 0.793884892086331 0.23799283154121864 0.07661870503597122 0.17443249701314217
0 0.8737410071942446 0.23847072879330944 0.0658273381294964 0.17323775388291518
0 0.9449640287769784 0.24086021505376345 0.05467625899280575 0.16798088410991638
0 0.0007194244604316547 0.46021505376344085 0.051798561151079135 0.1861409796893668
0 0.06223021582733813 0.47072879330943845 0.08057553956834532 0.1813620071684588
0 0.1579136690647482 0.4881720430107527 0.07302158273381296 0.16559139784946236
0 0.25611510791366904 0.4752688172043011 0.07482014388489208 0.186857825567503
0 0.3406474820143885 0.47240143369175625 0.08057553956834532 0.1913978494623656
0 0.429136690647482 0.45017921146953405 0.10107913669064748 0.21481481481481482
0 0.5356115107913669 0.44970131421744325 0.08956834532374101 0.21959378733572282
0 0.6223021582733813 0.5565113500597372 0.07446043165467627 0.10776583034647551
0 0.708273381294964 0.5648745519713262 0.07266187050359713 0.10513739545997611
0 0.7856115107913669 0.5603345280764636 0.07338129496402877 0.07502986857825568
0 0.6399280575539569 0.46284348864994024 0.07913669064748201 0.0941457586618877
0 0.7258992805755395 0.4633213859020311 0.06762589928057554 0.0912783751493429
0 0.8050359712230216 0.46212664277180404 0.058992805755395686 0.08339307048984468
0 0.8733812949640288 0.5039426523297491 0.0802158273381295 0.17395459976105138
0 0.9514388489208633 0.4977299880525687 0.04820143884892086 0.17777777777777778
0 0.0 0.7350059737156511 0.01079136690647482 0.14336917562724014
0 0.015107913669064749 0.7146953405017921 0.07841726618705036 0.17873357228195938
0 0.09784172661870504 0.7285543608124253 0.07517985611510791 0.15794504181600955
0 0.18633093525179856 0.719952210274791 0.07014388489208633 0.16654719235364396
0 0.260431654676259 0.7206690561529271 0.08489208633093526 0.16798088410991638
0 0.35035971223021584 0.7448028673835125 0.08129496402877698 0.14504181600955796
0 0.44100719424460433 0.7431302270011948 0.07697841726618705 0.14743130227001194
0 0.5510791366906475 0.7930704898446834 0.0723021582733813 0.0979689366786141
0 0.5226618705035971 0.7103942652329749 0.058992805755395686 0.05400238948626045
0 0.6356115107913669 0.7182795698924731 0.058992805755395686 0.16965352449223417
0 0.7035971223021583 0.7166069295101554 0.0683453237410072 0.17562724014336917
0 0.7773381294964029 0.7180406212664278 0.07589928057553957 0.17634408602150536
0 0.8622302158273382 0.7221027479091995 0.05143884892086331 0.16535244922341696
0 0.9194244604316547 0.7225806451612903 0.07661870503597122 0.17013142174432497
0 0.939568345323741 0.96415770609319 0.03201438848920863 0.02867383512544803
0 0.9075539568345323 0.9768219832735962 0.03920863309352518 0.017443249701314216
0 0.7996402877697841 0.9684587813620071 0.052158273381294966 0.024850657108721624
0 0.6902877697841726 0.9345280764635603 0.08165467625899281 0.056630824372759854
0 0.576978417266187 0.9620071684587813 0.11906474820143885 0.03082437275985663
0 0.3593525179856115 0.9684587813620071 0.11007194244604317 0.027001194743130227
0 0.3643884892086331 0.9529271206690562 0.10323741007194244 0.015531660692951015
0 0.36510791366906475 0.9345280764635603 0.10143884892086331 0.017921146953405017
0 0.2579136690647482 0.9345280764635603 0.0 0.00047789725209080046
0 0.25611510791366904 0.9364396654719236 0.0974820143884892 0.011469534050179211
0 0.252158273381295 0.9467144563918758 0.10431654676258993 0.016009557945041816
0 0.24244604316546764 0.9691756272401434 0.10719424460431655 0.028195937873357228
0 0.12482014388489208 0.9620071684587813 0.11474820143884892 0.03393070489844684
0 0.13633093525179857 0.9364396654719236 0.10899280575539569 0.021744324970131422
0 0.011870503597122302 0.945041816009558 0.10251798561151079 0.05065710872162485
0 0.017985611510791366 0.9273596176821983 0.0974820143884892 0.014575866188769415
